(kicad_pcb (version 20171130) (host pcbnew 5.1.5-52549c5~84~ubuntu18.04.1)

  (general
    (thickness 1.6)
    (drawings 21)
    (tracks 490)
    (zones 0)
    (modules 86)
    (nets 62)
  )

  (page A4)
  (layers
    (0 F.Cu signal)
    (31 B.Cu signal)
    (32 B.Adhes user hide)
    (33 F.Adhes user hide)
    (34 B.Paste user hide)
    (35 F.Paste user hide)
    (36 B.SilkS user)
    (37 F.SilkS user)
    (38 B.Mask user)
    (39 F.Mask user)
    (40 Dwgs.User user)
    (41 Cmts.User user)
    (42 Eco1.User user)
    (43 Eco2.User user)
    (44 Edge.Cuts user)
    (45 Margin user)
    (46 B.CrtYd user hide)
    (47 F.CrtYd user)
    (48 B.Fab user hide)
    (49 F.Fab user hide)
  )

  (setup
    (last_trace_width 0.3)
    (user_trace_width 0.3)
    (user_trace_width 0.5)
    (user_trace_width 0.7)
    (user_trace_width 1)
    (user_trace_width 2)
    (user_trace_width 5)
    (trace_clearance 0.2)
    (zone_clearance 0.508)
    (zone_45_only no)
    (trace_min 0.2)
    (via_size 0.8)
    (via_drill 0.4)
    (via_min_size 0.6)
    (via_min_drill 0.3)
    (user_via 1 0.5)
    (uvia_size 0.3)
    (uvia_drill 0.1)
    (uvias_allowed no)
    (uvia_min_size 0.2)
    (uvia_min_drill 0.1)
    (edge_width 0.05)
    (segment_width 0.2)
    (pcb_text_width 0.3)
    (pcb_text_size 1.5 1.5)
    (mod_edge_width 0.12)
    (mod_text_size 1 1)
    (mod_text_width 0.15)
    (pad_size 1.524 1.524)
    (pad_drill 0.762)
    (pad_to_mask_clearance 0.051)
    (solder_mask_min_width 0.25)
    (aux_axis_origin 0 0)
    (visible_elements FFFFFF7F)
    (pcbplotparams
      (layerselection 0x030f0_ffffffff)
      (usegerberextensions false)
      (usegerberattributes false)
      (usegerberadvancedattributes false)
      (creategerberjobfile false)
      (excludeedgelayer true)
      (linewidth 0.100000)
      (plotframeref false)
      (viasonmask false)
      (mode 1)
      (useauxorigin false)
      (hpglpennumber 1)
      (hpglpenspeed 20)
      (hpglpendiameter 15.000000)
      (psnegative false)
      (psa4output false)
      (plotreference true)
      (plotvalue true)
      (plotinvisibletext false)
      (padsonsilk false)
      (subtractmaskfromsilk false)
      (outputformat 1)
      (mirror false)
      (drillshape 0)
      (scaleselection 1)
      (outputdirectory "output/"))
  )

  (net 0 "")
  (net 1 "Net-(C1-Pad1)")
  (net 2 GND)
  (net 3 "Net-(C2-Pad1)")
  (net 4 "Net-(C4-Pad2)")
  (net 5 "Net-(C5-Pad2)")
  (net 6 /BAT_THERM)
  (net 7 "Net-(C7-Pad2)")
  (net 8 /BAT+)
  (net 9 "/balance section/BAL_C5")
  (net 10 "/balance section/BAL_C4")
  (net 11 "/balance section/BAL_C3")
  (net 12 "/balance section/BAL_C2")
  (net 13 "/balance section/BAL_C1")
  (net 14 "/balance section/BAL_C0")
  (net 15 "Net-(D1-Pad1)")
  (net 16 "Net-(D2-Pad2)")
  (net 17 "Net-(D2-Pad1)")
  (net 18 /RAW_C4)
  (net 19 /RAW_C3)
  (net 20 /RAW_C2)
  (net 21 /RAW_C1)
  (net 22 /RAW_BATT-)
  (net 23 /RAW_C5)
  (net 24 "Net-(Q1-Pad4)")
  (net 25 "Net-(Q1-Pad5)")
  (net 26 "Net-(Q1-Pad1)")
  (net 27 "Net-(Q2-Pad2)")
  (net 28 "Net-(Q4-Pad3)")
  (net 29 "Net-(Q5-Pad3)")
  (net 30 "Net-(Q7-Pad3)")
  (net 31 "Net-(Q8-Pad3)")
  (net 32 "Net-(R11-Pad1)")
  (net 33 "Net-(R34-Pad1)")
  (net 34 "Net-(R35-Pad1)")
  (net 35 "Net-(Q6-Pad3)")
  (net 36 /BAT-)
  (net 37 "Net-(J4-Pad1)")
  (net 38 +3V3)
  (net 39 /cpu/~NRST)
  (net 40 /cpu/ISOL_VCC)
  (net 41 /cpu/ISOL_GND)
  (net 42 "Net-(D3-Pad1)")
  (net 43 "Net-(D10-Pad1)")
  (net 44 "Net-(D11-Pad2)")
  (net 45 "Net-(D12-Pad2)")
  (net 46 "Net-(D13-Pad2)")
  (net 47 "/bq76920 section/PACK-")
  (net 48 /cpu/ISOL_RX)
  (net 49 /cpu/ISOL_TX)
  (net 50 /cpu/SWDIO)
  (net 51 /cpu/SWCLK)
  (net 52 /cpu/BOOT0)
  (net 53 /cpu/USART2_TX)
  (net 54 /cpu/USART2_RX)
  (net 55 /cpu/PACK_ALERT)
  (net 56 /cpu/PACK_SDA)
  (net 57 /cpu/PACK_SCL)
  (net 58 "Net-(R36-Pad1)")
  (net 59 "Net-(D5-Pad1)")
  (net 60 "Net-(D7-Pad1)")
  (net 61 "Net-(D9-Pad1)")

  (net_class Default "This is the default net class."
    (clearance 0.2)
    (trace_width 0.25)
    (via_dia 0.8)
    (via_drill 0.4)
    (uvia_dia 0.3)
    (uvia_drill 0.1)
    (add_net +3V3)
    (add_net /BAT+)
    (add_net /BAT-)
    (add_net /BAT_THERM)
    (add_net /RAW_BATT-)
    (add_net /RAW_C1)
    (add_net /RAW_C2)
    (add_net /RAW_C3)
    (add_net /RAW_C4)
    (add_net /RAW_C5)
    (add_net "/balance section/BAL_C0")
    (add_net "/balance section/BAL_C1")
    (add_net "/balance section/BAL_C2")
    (add_net "/balance section/BAL_C3")
    (add_net "/balance section/BAL_C4")
    (add_net "/balance section/BAL_C5")
    (add_net "/bq76920 section/PACK-")
    (add_net /cpu/BOOT0)
    (add_net /cpu/ISOL_GND)
    (add_net /cpu/ISOL_RX)
    (add_net /cpu/ISOL_TX)
    (add_net /cpu/ISOL_VCC)
    (add_net /cpu/PACK_ALERT)
    (add_net /cpu/PACK_SCL)
    (add_net /cpu/PACK_SDA)
    (add_net /cpu/SWCLK)
    (add_net /cpu/SWDIO)
    (add_net /cpu/USART2_RX)
    (add_net /cpu/USART2_TX)
    (add_net /cpu/~NRST)
    (add_net GND)
    (add_net "Net-(C1-Pad1)")
    (add_net "Net-(C2-Pad1)")
    (add_net "Net-(C4-Pad2)")
    (add_net "Net-(C5-Pad2)")
    (add_net "Net-(C7-Pad2)")
    (add_net "Net-(D1-Pad1)")
    (add_net "Net-(D10-Pad1)")
    (add_net "Net-(D11-Pad2)")
    (add_net "Net-(D12-Pad2)")
    (add_net "Net-(D13-Pad2)")
    (add_net "Net-(D2-Pad1)")
    (add_net "Net-(D2-Pad2)")
    (add_net "Net-(D3-Pad1)")
    (add_net "Net-(D5-Pad1)")
    (add_net "Net-(D7-Pad1)")
    (add_net "Net-(D9-Pad1)")
    (add_net "Net-(J4-Pad1)")
    (add_net "Net-(Q1-Pad1)")
    (add_net "Net-(Q1-Pad4)")
    (add_net "Net-(Q1-Pad5)")
    (add_net "Net-(Q2-Pad2)")
    (add_net "Net-(Q4-Pad3)")
    (add_net "Net-(Q5-Pad3)")
    (add_net "Net-(Q6-Pad3)")
    (add_net "Net-(Q7-Pad3)")
    (add_net "Net-(Q8-Pad3)")
    (add_net "Net-(R11-Pad1)")
    (add_net "Net-(R34-Pad1)")
    (add_net "Net-(R35-Pad1)")
    (add_net "Net-(R36-Pad1)")
  )

  (module Connector_PinHeader_2.54mm:PinHeader_1x03_P2.54mm_Vertical (layer F.Cu) (tedit 59FED5CC) (tstamp 5E15FFF3)
    (at 64.25 26.2)
    (descr "Through hole straight pin header, 1x03, 2.54mm pitch, single row")
    (tags "Through hole pin header THT 1x03 2.54mm single row")
    (path /5E142913/5E1CDED5)
    (fp_text reference J10 (at 0 -2.33) (layer F.SilkS)
      (effects (font (size 1 1) (thickness 0.15)))
    )
    (fp_text value Conn_01x03 (at 0 7.41) (layer F.Fab)
      (effects (font (size 1 1) (thickness 0.15)))
    )
    (fp_line (start -0.635 -1.27) (end 1.27 -1.27) (layer F.Fab) (width 0.1))
    (fp_line (start 1.27 -1.27) (end 1.27 6.35) (layer F.Fab) (width 0.1))
    (fp_line (start 1.27 6.35) (end -1.27 6.35) (layer F.Fab) (width 0.1))
    (fp_line (start -1.27 6.35) (end -1.27 -0.635) (layer F.Fab) (width 0.1))
    (fp_line (start -1.27 -0.635) (end -0.635 -1.27) (layer F.Fab) (width 0.1))
    (fp_line (start -1.33 6.41) (end 1.33 6.41) (layer F.SilkS) (width 0.12))
    (fp_line (start -1.33 1.27) (end -1.33 6.41) (layer F.SilkS) (width 0.12))
    (fp_line (start 1.33 1.27) (end 1.33 6.41) (layer F.SilkS) (width 0.12))
    (fp_line (start -1.33 1.27) (end 1.33 1.27) (layer F.SilkS) (width 0.12))
    (fp_line (start -1.33 0) (end -1.33 -1.33) (layer F.SilkS) (width 0.12))
    (fp_line (start -1.33 -1.33) (end 0 -1.33) (layer F.SilkS) (width 0.12))
    (fp_line (start -1.8 -1.8) (end -1.8 6.85) (layer F.CrtYd) (width 0.05))
    (fp_line (start -1.8 6.85) (end 1.8 6.85) (layer F.CrtYd) (width 0.05))
    (fp_line (start 1.8 6.85) (end 1.8 -1.8) (layer F.CrtYd) (width 0.05))
    (fp_line (start 1.8 -1.8) (end -1.8 -1.8) (layer F.CrtYd) (width 0.05))
    (fp_text user %R (at 0 2.54 90) (layer F.Fab)
      (effects (font (size 1 1) (thickness 0.15)))
    )
    (pad 1 thru_hole rect (at 0 0) (size 1.7 1.7) (drill 1) (layers *.Cu *.Mask)
      (net 53 /cpu/USART2_TX))
    (pad 2 thru_hole oval (at 0 2.54) (size 1.7 1.7) (drill 1) (layers *.Cu *.Mask)
      (net 54 /cpu/USART2_RX))
    (pad 3 thru_hole oval (at 0 5.08) (size 1.7 1.7) (drill 1) (layers *.Cu *.Mask)
      (net 2 GND))
    (model ${KISYS3DMOD}/Connector_PinHeader_2.54mm.3dshapes/PinHeader_1x03_P2.54mm_Vertical.wrl
      (at (xyz 0 0 0))
      (scale (xyz 1 1 1))
      (rotate (xyz 0 0 0))
    )
  )

  (module Resistor_SMD:R_0805_2012Metric_Pad1.15x1.40mm_HandSolder (layer F.Cu) (tedit 5B36C52B) (tstamp 5D509E00)
    (at 45.2 46 90)
    (descr "Resistor SMD 0805 (2012 Metric), square (rectangular) end terminal, IPC_7351 nominal with elongated pad for handsoldering. (Body size source: https://docs.google.com/spreadsheets/d/1BsfQQcO9C6DZCsRaXUlFlo91Tg2WpOkGARC1WS5S8t0/edit?usp=sharing), generated with kicad-footprint-generator")
    (tags "resistor handsolder")
    (path /5D4426A3/5D493619)
    (attr smd)
    (fp_text reference R30 (at 2.5 0.3 180) (layer F.SilkS)
      (effects (font (size 1 1) (thickness 0.15)))
    )
    (fp_text value 10k (at 0.475 -0.2 90) (layer F.Fab)
      (effects (font (size 1 1) (thickness 0.15)))
    )
    (fp_text user %R (at 0 0 90) (layer F.Fab)
      (effects (font (size 0.5 0.5) (thickness 0.08)))
    )
    (fp_line (start 1.85 0.95) (end -1.85 0.95) (layer F.CrtYd) (width 0.05))
    (fp_line (start 1.85 -0.95) (end 1.85 0.95) (layer F.CrtYd) (width 0.05))
    (fp_line (start -1.85 -0.95) (end 1.85 -0.95) (layer F.CrtYd) (width 0.05))
    (fp_line (start -1.85 0.95) (end -1.85 -0.95) (layer F.CrtYd) (width 0.05))
    (fp_line (start -0.261252 0.71) (end 0.261252 0.71) (layer F.SilkS) (width 0.12))
    (fp_line (start -0.261252 -0.71) (end 0.261252 -0.71) (layer F.SilkS) (width 0.12))
    (fp_line (start 1 0.6) (end -1 0.6) (layer F.Fab) (width 0.1))
    (fp_line (start 1 -0.6) (end 1 0.6) (layer F.Fab) (width 0.1))
    (fp_line (start -1 -0.6) (end 1 -0.6) (layer F.Fab) (width 0.1))
    (fp_line (start -1 0.6) (end -1 -0.6) (layer F.Fab) (width 0.1))
    (pad 2 smd roundrect (at 1.025 0 90) (size 1.15 1.4) (layers F.Cu F.Paste F.Mask) (roundrect_rratio 0.217391)
      (net 43 "Net-(D10-Pad1)"))
    (pad 1 smd roundrect (at -1.025 0 90) (size 1.15 1.4) (layers F.Cu F.Paste F.Mask) (roundrect_rratio 0.217391)
      (net 14 "/balance section/BAL_C0"))
    (model ${KISYS3DMOD}/Resistor_SMD.3dshapes/R_0805_2012Metric.wrl
      (at (xyz 0 0 0))
      (scale (xyz 1 1 1))
      (rotate (xyz 0 0 0))
    )
  )

  (module Package_SO:SOIC-8_3.9x4.9mm_P1.27mm (layer F.Cu) (tedit 5D9F72B1) (tstamp 5E14D972)
    (at 70.05 26.85)
    (descr "SOIC, 8 Pin (JEDEC MS-012AA, https://www.analog.com/media/en/package-pcb-resources/package/pkg_pdf/soic_narrow-r/r_8.pdf), generated with kicad-footprint-generator ipc_gullwing_generator.py")
    (tags "SOIC SO")
    (path /5E142913/5E13BDED)
    (attr smd)
    (fp_text reference U2 (at 0 -3.4) (layer F.SilkS)
      (effects (font (size 1 1) (thickness 0.15)))
    )
    (fp_text value ISO7021 (at 0 3.4) (layer F.Fab)
      (effects (font (size 1 1) (thickness 0.15)))
    )
    (fp_line (start 0 2.56) (end 1.95 2.56) (layer F.SilkS) (width 0.12))
    (fp_line (start 0 2.56) (end -1.95 2.56) (layer F.SilkS) (width 0.12))
    (fp_line (start 0 -2.56) (end 1.95 -2.56) (layer F.SilkS) (width 0.12))
    (fp_line (start 0 -2.56) (end -3.45 -2.56) (layer F.SilkS) (width 0.12))
    (fp_line (start -0.975 -2.45) (end 1.95 -2.45) (layer F.Fab) (width 0.1))
    (fp_line (start 1.95 -2.45) (end 1.95 2.45) (layer F.Fab) (width 0.1))
    (fp_line (start 1.95 2.45) (end -1.95 2.45) (layer F.Fab) (width 0.1))
    (fp_line (start -1.95 2.45) (end -1.95 -1.475) (layer F.Fab) (width 0.1))
    (fp_line (start -1.95 -1.475) (end -0.975 -2.45) (layer F.Fab) (width 0.1))
    (fp_line (start -3.7 -2.7) (end -3.7 2.7) (layer F.CrtYd) (width 0.05))
    (fp_line (start -3.7 2.7) (end 3.7 2.7) (layer F.CrtYd) (width 0.05))
    (fp_line (start 3.7 2.7) (end 3.7 -2.7) (layer F.CrtYd) (width 0.05))
    (fp_line (start 3.7 -2.7) (end -3.7 -2.7) (layer F.CrtYd) (width 0.05))
    (fp_text user %R (at 0 0) (layer F.Fab)
      (effects (font (size 0.98 0.98) (thickness 0.15)))
    )
    (pad 1 smd roundrect (at -2.475 -1.905) (size 1.95 0.6) (layers F.Cu F.Paste F.Mask) (roundrect_rratio 0.25)
      (net 38 +3V3))
    (pad 2 smd roundrect (at -2.475 -0.635) (size 1.95 0.6) (layers F.Cu F.Paste F.Mask) (roundrect_rratio 0.25)
      (net 54 /cpu/USART2_RX))
    (pad 3 smd roundrect (at -2.475 0.635) (size 1.95 0.6) (layers F.Cu F.Paste F.Mask) (roundrect_rratio 0.25)
      (net 53 /cpu/USART2_TX))
    (pad 4 smd roundrect (at -2.475 1.905) (size 1.95 0.6) (layers F.Cu F.Paste F.Mask) (roundrect_rratio 0.25)
      (net 2 GND))
    (pad 5 smd roundrect (at 2.475 1.905) (size 1.95 0.6) (layers F.Cu F.Paste F.Mask) (roundrect_rratio 0.25)
      (net 41 /cpu/ISOL_GND))
    (pad 6 smd roundrect (at 2.475 0.635) (size 1.95 0.6) (layers F.Cu F.Paste F.Mask) (roundrect_rratio 0.25)
      (net 49 /cpu/ISOL_TX))
    (pad 7 smd roundrect (at 2.475 -0.635) (size 1.95 0.6) (layers F.Cu F.Paste F.Mask) (roundrect_rratio 0.25)
      (net 48 /cpu/ISOL_RX))
    (pad 8 smd roundrect (at 2.475 -1.905) (size 1.95 0.6) (layers F.Cu F.Paste F.Mask) (roundrect_rratio 0.25)
      (net 40 /cpu/ISOL_VCC))
    (model ${KISYS3DMOD}/Package_SO.3dshapes/SOIC-8_3.9x4.9mm_P1.27mm.wrl
      (at (xyz 0 0 0))
      (scale (xyz 1 1 1))
      (rotate (xyz 0 0 0))
    )
  )

  (module Capacitor_SMD:C_0805_2012Metric_Pad1.15x1.40mm_HandSolder (layer B.Cu) (tedit 5B36C52B) (tstamp 5E14D781)
    (at 74.55 26.875 270)
    (descr "Capacitor SMD 0805 (2012 Metric), square (rectangular) end terminal, IPC_7351 nominal with elongated pad for handsoldering. (Body size source: https://docs.google.com/spreadsheets/d/1BsfQQcO9C6DZCsRaXUlFlo91Tg2WpOkGARC1WS5S8t0/edit?usp=sharing), generated with kicad-footprint-generator")
    (tags "capacitor handsolder")
    (path /5E142913/5E140D1B)
    (attr smd)
    (fp_text reference C19 (at 0 1.65 90) (layer B.SilkS)
      (effects (font (size 1 1) (thickness 0.15)) (justify mirror))
    )
    (fp_text value 100nF (at 0 -1.65 90) (layer B.Fab)
      (effects (font (size 1 1) (thickness 0.15)) (justify mirror))
    )
    (fp_line (start -1 -0.6) (end -1 0.6) (layer B.Fab) (width 0.1))
    (fp_line (start -1 0.6) (end 1 0.6) (layer B.Fab) (width 0.1))
    (fp_line (start 1 0.6) (end 1 -0.6) (layer B.Fab) (width 0.1))
    (fp_line (start 1 -0.6) (end -1 -0.6) (layer B.Fab) (width 0.1))
    (fp_line (start -0.261252 0.71) (end 0.261252 0.71) (layer B.SilkS) (width 0.12))
    (fp_line (start -0.261252 -0.71) (end 0.261252 -0.71) (layer B.SilkS) (width 0.12))
    (fp_line (start -1.85 -0.95) (end -1.85 0.95) (layer B.CrtYd) (width 0.05))
    (fp_line (start -1.85 0.95) (end 1.85 0.95) (layer B.CrtYd) (width 0.05))
    (fp_line (start 1.85 0.95) (end 1.85 -0.95) (layer B.CrtYd) (width 0.05))
    (fp_line (start 1.85 -0.95) (end -1.85 -0.95) (layer B.CrtYd) (width 0.05))
    (fp_text user %R (at 0 0 90) (layer B.Fab)
      (effects (font (size 0.5 0.5) (thickness 0.08)) (justify mirror))
    )
    (pad 1 smd roundrect (at -1.025 0 270) (size 1.15 1.4) (layers B.Cu B.Paste B.Mask) (roundrect_rratio 0.217391)
      (net 40 /cpu/ISOL_VCC))
    (pad 2 smd roundrect (at 1.025 0 270) (size 1.15 1.4) (layers B.Cu B.Paste B.Mask) (roundrect_rratio 0.217391)
      (net 41 /cpu/ISOL_GND))
    (model ${KISYS3DMOD}/Capacitor_SMD.3dshapes/C_0805_2012Metric.wrl
      (at (xyz 0 0 0))
      (scale (xyz 1 1 1))
      (rotate (xyz 0 0 0))
    )
  )

  (module Capacitor_SMD:C_0805_2012Metric_Pad1.15x1.40mm_HandSolder (layer F.Cu) (tedit 5B36C52B) (tstamp 5D50483B)
    (at 57.6 45.525 90)
    (descr "Capacitor SMD 0805 (2012 Metric), square (rectangular) end terminal, IPC_7351 nominal with elongated pad for handsoldering. (Body size source: https://docs.google.com/spreadsheets/d/1BsfQQcO9C6DZCsRaXUlFlo91Tg2WpOkGARC1WS5S8t0/edit?usp=sharing), generated with kicad-footprint-generator")
    (tags "capacitor handsolder")
    (path /5D32E153/5D4BF1AC)
    (attr smd)
    (fp_text reference C3 (at 2.825 0 90) (layer F.SilkS)
      (effects (font (size 1 1) (thickness 0.15)))
    )
    (fp_text value 100n (at 0 1.65 90) (layer F.Fab)
      (effects (font (size 1 1) (thickness 0.15)))
    )
    (fp_line (start -1 0.6) (end -1 -0.6) (layer F.Fab) (width 0.1))
    (fp_line (start -1 -0.6) (end 1 -0.6) (layer F.Fab) (width 0.1))
    (fp_line (start 1 -0.6) (end 1 0.6) (layer F.Fab) (width 0.1))
    (fp_line (start 1 0.6) (end -1 0.6) (layer F.Fab) (width 0.1))
    (fp_line (start -0.261252 -0.71) (end 0.261252 -0.71) (layer F.SilkS) (width 0.12))
    (fp_line (start -0.261252 0.71) (end 0.261252 0.71) (layer F.SilkS) (width 0.12))
    (fp_line (start -1.85 0.95) (end -1.85 -0.95) (layer F.CrtYd) (width 0.05))
    (fp_line (start -1.85 -0.95) (end 1.85 -0.95) (layer F.CrtYd) (width 0.05))
    (fp_line (start 1.85 -0.95) (end 1.85 0.95) (layer F.CrtYd) (width 0.05))
    (fp_line (start 1.85 0.95) (end -1.85 0.95) (layer F.CrtYd) (width 0.05))
    (fp_text user %R (at 0 0 90) (layer F.Fab)
      (effects (font (size 0.5 0.5) (thickness 0.08)))
    )
    (pad 1 smd roundrect (at -1.025 0 90) (size 1.15 1.4) (layers F.Cu F.Paste F.Mask) (roundrect_rratio 0.217391)
      (net 2 GND))
    (pad 2 smd roundrect (at 1.025 0 90) (size 1.15 1.4) (layers F.Cu F.Paste F.Mask) (roundrect_rratio 0.217391)
      (net 3 "Net-(C2-Pad1)"))
    (model ${KISYS3DMOD}/Capacitor_SMD.3dshapes/C_0805_2012Metric.wrl
      (at (xyz 0 0 0))
      (scale (xyz 1 1 1))
      (rotate (xyz 0 0 0))
    )
  )

  (module Package_TO_SOT_SMD:SOT-23 (layer F.Cu) (tedit 5A02FF57) (tstamp 5D504BC9)
    (at 42.4 26.3 90)
    (descr "SOT-23, Standard")
    (tags SOT-23)
    (path /5D4426A3/5D44280B)
    (attr smd)
    (fp_text reference Q4 (at 2.4 -1 180) (layer F.SilkS)
      (effects (font (size 1 1) (thickness 0.15)))
    )
    (fp_text value NTR3C21NZ (at 0 2.5 90) (layer F.Fab)
      (effects (font (size 1 1) (thickness 0.15)))
    )
    (fp_line (start 0.76 1.58) (end -0.7 1.58) (layer F.SilkS) (width 0.12))
    (fp_line (start 0.76 -1.58) (end -1.4 -1.58) (layer F.SilkS) (width 0.12))
    (fp_line (start -1.7 1.75) (end -1.7 -1.75) (layer F.CrtYd) (width 0.05))
    (fp_line (start 1.7 1.75) (end -1.7 1.75) (layer F.CrtYd) (width 0.05))
    (fp_line (start 1.7 -1.75) (end 1.7 1.75) (layer F.CrtYd) (width 0.05))
    (fp_line (start -1.7 -1.75) (end 1.7 -1.75) (layer F.CrtYd) (width 0.05))
    (fp_line (start 0.76 -1.58) (end 0.76 -0.65) (layer F.SilkS) (width 0.12))
    (fp_line (start 0.76 1.58) (end 0.76 0.65) (layer F.SilkS) (width 0.12))
    (fp_line (start -0.7 1.52) (end 0.7 1.52) (layer F.Fab) (width 0.1))
    (fp_line (start 0.7 -1.52) (end 0.7 1.52) (layer F.Fab) (width 0.1))
    (fp_line (start -0.7 -0.95) (end -0.15 -1.52) (layer F.Fab) (width 0.1))
    (fp_line (start -0.15 -1.52) (end 0.7 -1.52) (layer F.Fab) (width 0.1))
    (fp_line (start -0.7 -0.95) (end -0.7 1.5) (layer F.Fab) (width 0.1))
    (fp_text user %R (at 0 0) (layer F.Fab)
      (effects (font (size 0.5 0.5) (thickness 0.075)))
    )
    (pad 3 smd rect (at 1 0 90) (size 0.9 0.8) (layers F.Cu F.Paste F.Mask)
      (net 28 "Net-(Q4-Pad3)"))
    (pad 2 smd rect (at -1 0.95 90) (size 0.9 0.8) (layers F.Cu F.Paste F.Mask)
      (net 18 /RAW_C4))
    (pad 1 smd rect (at -1 -0.95 90) (size 0.9 0.8) (layers F.Cu F.Paste F.Mask)
      (net 42 "Net-(D3-Pad1)"))
    (model ${KISYS3DMOD}/Package_TO_SOT_SMD.3dshapes/SOT-23.wrl
      (at (xyz 0 0 0))
      (scale (xyz 1 1 1))
      (rotate (xyz 0 0 0))
    )
  )

  (module Package_TO_SOT_SMD:SOT-23 (layer F.Cu) (tedit 5A02FF57) (tstamp 5D504C08)
    (at 42.4 41.2 90)
    (descr "SOT-23, Standard")
    (tags SOT-23)
    (path /5D4426A3/5D47AB5A)
    (attr smd)
    (fp_text reference Q7 (at 2.4 -0.9 180) (layer F.SilkS)
      (effects (font (size 1 1) (thickness 0.15)))
    )
    (fp_text value NTR3C21NZ (at 0 2.5 90) (layer F.Fab)
      (effects (font (size 1 1) (thickness 0.15)))
    )
    (fp_line (start 0.76 1.58) (end -0.7 1.58) (layer F.SilkS) (width 0.12))
    (fp_line (start 0.76 -1.58) (end -1.4 -1.58) (layer F.SilkS) (width 0.12))
    (fp_line (start -1.7 1.75) (end -1.7 -1.75) (layer F.CrtYd) (width 0.05))
    (fp_line (start 1.7 1.75) (end -1.7 1.75) (layer F.CrtYd) (width 0.05))
    (fp_line (start 1.7 -1.75) (end 1.7 1.75) (layer F.CrtYd) (width 0.05))
    (fp_line (start -1.7 -1.75) (end 1.7 -1.75) (layer F.CrtYd) (width 0.05))
    (fp_line (start 0.76 -1.58) (end 0.76 -0.65) (layer F.SilkS) (width 0.12))
    (fp_line (start 0.76 1.58) (end 0.76 0.65) (layer F.SilkS) (width 0.12))
    (fp_line (start -0.7 1.52) (end 0.7 1.52) (layer F.Fab) (width 0.1))
    (fp_line (start 0.7 -1.52) (end 0.7 1.52) (layer F.Fab) (width 0.1))
    (fp_line (start -0.7 -0.95) (end -0.15 -1.52) (layer F.Fab) (width 0.1))
    (fp_line (start -0.15 -1.52) (end 0.7 -1.52) (layer F.Fab) (width 0.1))
    (fp_line (start -0.7 -0.95) (end -0.7 1.5) (layer F.Fab) (width 0.1))
    (fp_text user %R (at 0 0) (layer F.Fab)
      (effects (font (size 0.5 0.5) (thickness 0.075)))
    )
    (pad 3 smd rect (at 1 0 90) (size 0.9 0.8) (layers F.Cu F.Paste F.Mask)
      (net 30 "Net-(Q7-Pad3)"))
    (pad 2 smd rect (at -1 0.95 90) (size 0.9 0.8) (layers F.Cu F.Paste F.Mask)
      (net 21 /RAW_C1))
    (pad 1 smd rect (at -1 -0.95 90) (size 0.9 0.8) (layers F.Cu F.Paste F.Mask)
      (net 61 "Net-(D9-Pad1)"))
    (model ${KISYS3DMOD}/Package_TO_SOT_SMD.3dshapes/SOT-23.wrl
      (at (xyz 0 0 0))
      (scale (xyz 1 1 1))
      (rotate (xyz 0 0 0))
    )
  )

  (module Package_TO_SOT_SMD:SOT-23 (layer F.Cu) (tedit 5A02FF57) (tstamp 5D504C1D)
    (at 42.4 46.2 90)
    (descr "SOT-23, Standard")
    (tags SOT-23)
    (path /5D4426A3/5D492911)
    (attr smd)
    (fp_text reference Q8 (at 2.4 -0.9 180) (layer F.SilkS)
      (effects (font (size 1 1) (thickness 0.15)))
    )
    (fp_text value NTR3C21NZ (at 0 2.5 90) (layer F.Fab)
      (effects (font (size 1 1) (thickness 0.15)))
    )
    (fp_line (start 0.76 1.58) (end -0.7 1.58) (layer F.SilkS) (width 0.12))
    (fp_line (start 0.76 -1.58) (end -1.4 -1.58) (layer F.SilkS) (width 0.12))
    (fp_line (start -1.7 1.75) (end -1.7 -1.75) (layer F.CrtYd) (width 0.05))
    (fp_line (start 1.7 1.75) (end -1.7 1.75) (layer F.CrtYd) (width 0.05))
    (fp_line (start 1.7 -1.75) (end 1.7 1.75) (layer F.CrtYd) (width 0.05))
    (fp_line (start -1.7 -1.75) (end 1.7 -1.75) (layer F.CrtYd) (width 0.05))
    (fp_line (start 0.76 -1.58) (end 0.76 -0.65) (layer F.SilkS) (width 0.12))
    (fp_line (start 0.76 1.58) (end 0.76 0.65) (layer F.SilkS) (width 0.12))
    (fp_line (start -0.7 1.52) (end 0.7 1.52) (layer F.Fab) (width 0.1))
    (fp_line (start 0.7 -1.52) (end 0.7 1.52) (layer F.Fab) (width 0.1))
    (fp_line (start -0.7 -0.95) (end -0.15 -1.52) (layer F.Fab) (width 0.1))
    (fp_line (start -0.15 -1.52) (end 0.7 -1.52) (layer F.Fab) (width 0.1))
    (fp_line (start -0.7 -0.95) (end -0.7 1.5) (layer F.Fab) (width 0.1))
    (fp_text user %R (at 0 0) (layer F.Fab)
      (effects (font (size 0.5 0.5) (thickness 0.075)))
    )
    (pad 3 smd rect (at 1 0 90) (size 0.9 0.8) (layers F.Cu F.Paste F.Mask)
      (net 31 "Net-(Q8-Pad3)"))
    (pad 2 smd rect (at -1 0.95 90) (size 0.9 0.8) (layers F.Cu F.Paste F.Mask)
      (net 22 /RAW_BATT-))
    (pad 1 smd rect (at -1 -0.95 90) (size 0.9 0.8) (layers F.Cu F.Paste F.Mask)
      (net 43 "Net-(D10-Pad1)"))
    (model ${KISYS3DMOD}/Package_TO_SOT_SMD.3dshapes/SOT-23.wrl
      (at (xyz 0 0 0))
      (scale (xyz 1 1 1))
      (rotate (xyz 0 0 0))
    )
  )

  (module Resistor_SMD:R_0805_2012Metric_Pad1.15x1.40mm_HandSolder (layer F.Cu) (tedit 5B36C52B) (tstamp 5D504DF2)
    (at 45.2 40.975 90)
    (descr "Resistor SMD 0805 (2012 Metric), square (rectangular) end terminal, IPC_7351 nominal with elongated pad for handsoldering. (Body size source: https://docs.google.com/spreadsheets/d/1BsfQQcO9C6DZCsRaXUlFlo91Tg2WpOkGARC1WS5S8t0/edit?usp=sharing), generated with kicad-footprint-generator")
    (tags "resistor handsolder")
    (path /5D4426A3/5D47B896)
    (attr smd)
    (fp_text reference R28 (at 2.475 0.3 180) (layer F.SilkS)
      (effects (font (size 1 1) (thickness 0.15)))
    )
    (fp_text value 10k (at 0.175 -0.1 90) (layer F.Fab)
      (effects (font (size 1 1) (thickness 0.15)))
    )
    (fp_text user %R (at 0 0 90) (layer F.Fab)
      (effects (font (size 0.5 0.5) (thickness 0.08)))
    )
    (fp_line (start 1.85 0.95) (end -1.85 0.95) (layer F.CrtYd) (width 0.05))
    (fp_line (start 1.85 -0.95) (end 1.85 0.95) (layer F.CrtYd) (width 0.05))
    (fp_line (start -1.85 -0.95) (end 1.85 -0.95) (layer F.CrtYd) (width 0.05))
    (fp_line (start -1.85 0.95) (end -1.85 -0.95) (layer F.CrtYd) (width 0.05))
    (fp_line (start -0.261252 0.71) (end 0.261252 0.71) (layer F.SilkS) (width 0.12))
    (fp_line (start -0.261252 -0.71) (end 0.261252 -0.71) (layer F.SilkS) (width 0.12))
    (fp_line (start 1 0.6) (end -1 0.6) (layer F.Fab) (width 0.1))
    (fp_line (start 1 -0.6) (end 1 0.6) (layer F.Fab) (width 0.1))
    (fp_line (start -1 -0.6) (end 1 -0.6) (layer F.Fab) (width 0.1))
    (fp_line (start -1 0.6) (end -1 -0.6) (layer F.Fab) (width 0.1))
    (pad 2 smd roundrect (at 1.025 0 90) (size 1.15 1.4) (layers F.Cu F.Paste F.Mask) (roundrect_rratio 0.217391)
      (net 61 "Net-(D9-Pad1)"))
    (pad 1 smd roundrect (at -1.025 0 90) (size 1.15 1.4) (layers F.Cu F.Paste F.Mask) (roundrect_rratio 0.217391)
      (net 13 "/balance section/BAL_C1"))
    (model ${KISYS3DMOD}/Resistor_SMD.3dshapes/R_0805_2012Metric.wrl
      (at (xyz 0 0 0))
      (scale (xyz 1 1 1))
      (rotate (xyz 0 0 0))
    )
  )

  (module Resistor_SMD:R_0805_2012Metric_Pad1.15x1.40mm_HandSolder (layer F.Cu) (tedit 5B36C52B) (tstamp 5D504E03)
    (at 37.625 44.5 180)
    (descr "Resistor SMD 0805 (2012 Metric), square (rectangular) end terminal, IPC_7351 nominal with elongated pad for handsoldering. (Body size source: https://docs.google.com/spreadsheets/d/1BsfQQcO9C6DZCsRaXUlFlo91Tg2WpOkGARC1WS5S8t0/edit?usp=sharing), generated with kicad-footprint-generator")
    (tags "resistor handsolder")
    (path /5D4426A3/5D47BD30)
    (attr smd)
    (fp_text reference R29 (at 3.425 0) (layer F.SilkS)
      (effects (font (size 1 1) (thickness 0.15)))
    )
    (fp_text value 1k (at 0 1.65) (layer F.Fab)
      (effects (font (size 1 1) (thickness 0.15)))
    )
    (fp_line (start -1 0.6) (end -1 -0.6) (layer F.Fab) (width 0.1))
    (fp_line (start -1 -0.6) (end 1 -0.6) (layer F.Fab) (width 0.1))
    (fp_line (start 1 -0.6) (end 1 0.6) (layer F.Fab) (width 0.1))
    (fp_line (start 1 0.6) (end -1 0.6) (layer F.Fab) (width 0.1))
    (fp_line (start -0.261252 -0.71) (end 0.261252 -0.71) (layer F.SilkS) (width 0.12))
    (fp_line (start -0.261252 0.71) (end 0.261252 0.71) (layer F.SilkS) (width 0.12))
    (fp_line (start -1.85 0.95) (end -1.85 -0.95) (layer F.CrtYd) (width 0.05))
    (fp_line (start -1.85 -0.95) (end 1.85 -0.95) (layer F.CrtYd) (width 0.05))
    (fp_line (start 1.85 -0.95) (end 1.85 0.95) (layer F.CrtYd) (width 0.05))
    (fp_line (start 1.85 0.95) (end -1.85 0.95) (layer F.CrtYd) (width 0.05))
    (fp_text user %R (at 0 0) (layer F.Fab)
      (effects (font (size 0.5 0.5) (thickness 0.08)))
    )
    (pad 1 smd roundrect (at -1.025 0 180) (size 1.15 1.4) (layers F.Cu F.Paste F.Mask) (roundrect_rratio 0.217391)
      (net 13 "/balance section/BAL_C1"))
    (pad 2 smd roundrect (at 1.025 0 180) (size 1.15 1.4) (layers F.Cu F.Paste F.Mask) (roundrect_rratio 0.217391)
      (net 21 /RAW_C1))
    (model ${KISYS3DMOD}/Resistor_SMD.3dshapes/R_0805_2012Metric.wrl
      (at (xyz 0 0 0))
      (scale (xyz 1 1 1))
      (rotate (xyz 0 0 0))
    )
  )

  (module Resistor_SMD:R_0805_2012Metric_Pad1.15x1.40mm_HandSolder (layer F.Cu) (tedit 5B36C52B) (tstamp 5D504DE1)
    (at 37.625 39.5 180)
    (descr "Resistor SMD 0805 (2012 Metric), square (rectangular) end terminal, IPC_7351 nominal with elongated pad for handsoldering. (Body size source: https://docs.google.com/spreadsheets/d/1BsfQQcO9C6DZCsRaXUlFlo91Tg2WpOkGARC1WS5S8t0/edit?usp=sharing), generated with kicad-footprint-generator")
    (tags "resistor handsolder")
    (path /5D4426A3/5D462DC7)
    (attr smd)
    (fp_text reference R27 (at 3.425 0) (layer F.SilkS)
      (effects (font (size 1 1) (thickness 0.15)))
    )
    (fp_text value 1k (at 0 1.65) (layer F.Fab)
      (effects (font (size 1 1) (thickness 0.15)))
    )
    (fp_line (start -1 0.6) (end -1 -0.6) (layer F.Fab) (width 0.1))
    (fp_line (start -1 -0.6) (end 1 -0.6) (layer F.Fab) (width 0.1))
    (fp_line (start 1 -0.6) (end 1 0.6) (layer F.Fab) (width 0.1))
    (fp_line (start 1 0.6) (end -1 0.6) (layer F.Fab) (width 0.1))
    (fp_line (start -0.261252 -0.71) (end 0.261252 -0.71) (layer F.SilkS) (width 0.12))
    (fp_line (start -0.261252 0.71) (end 0.261252 0.71) (layer F.SilkS) (width 0.12))
    (fp_line (start -1.85 0.95) (end -1.85 -0.95) (layer F.CrtYd) (width 0.05))
    (fp_line (start -1.85 -0.95) (end 1.85 -0.95) (layer F.CrtYd) (width 0.05))
    (fp_line (start 1.85 -0.95) (end 1.85 0.95) (layer F.CrtYd) (width 0.05))
    (fp_line (start 1.85 0.95) (end -1.85 0.95) (layer F.CrtYd) (width 0.05))
    (fp_text user %R (at 0 0) (layer F.Fab)
      (effects (font (size 0.5 0.5) (thickness 0.08)))
    )
    (pad 1 smd roundrect (at -1.025 0 180) (size 1.15 1.4) (layers F.Cu F.Paste F.Mask) (roundrect_rratio 0.217391)
      (net 12 "/balance section/BAL_C2"))
    (pad 2 smd roundrect (at 1.025 0 180) (size 1.15 1.4) (layers F.Cu F.Paste F.Mask) (roundrect_rratio 0.217391)
      (net 20 /RAW_C2))
    (model ${KISYS3DMOD}/Resistor_SMD.3dshapes/R_0805_2012Metric.wrl
      (at (xyz 0 0 0))
      (scale (xyz 1 1 1))
      (rotate (xyz 0 0 0))
    )
  )

  (module Capacitor_SMD:C_0805_2012Metric_Pad1.15x1.40mm_HandSolder (layer F.Cu) (tedit 5B36C52B) (tstamp 5D5048E5)
    (at 47.2 40.975 270)
    (descr "Capacitor SMD 0805 (2012 Metric), square (rectangular) end terminal, IPC_7351 nominal with elongated pad for handsoldering. (Body size source: https://docs.google.com/spreadsheets/d/1BsfQQcO9C6DZCsRaXUlFlo91Tg2WpOkGARC1WS5S8t0/edit?usp=sharing), generated with kicad-footprint-generator")
    (tags "capacitor handsolder")
    (path /5D4426A3/5D47C1D6)
    (attr smd)
    (fp_text reference C13 (at 0 -1.65 90) (layer F.SilkS)
      (effects (font (size 1 1) (thickness 0.15)))
    )
    (fp_text value 220n (at 0 1.65 90) (layer F.Fab)
      (effects (font (size 1 1) (thickness 0.15)))
    )
    (fp_text user %R (at 0 0 90) (layer F.Fab)
      (effects (font (size 0.5 0.5) (thickness 0.08)))
    )
    (fp_line (start 1.85 0.95) (end -1.85 0.95) (layer F.CrtYd) (width 0.05))
    (fp_line (start 1.85 -0.95) (end 1.85 0.95) (layer F.CrtYd) (width 0.05))
    (fp_line (start -1.85 -0.95) (end 1.85 -0.95) (layer F.CrtYd) (width 0.05))
    (fp_line (start -1.85 0.95) (end -1.85 -0.95) (layer F.CrtYd) (width 0.05))
    (fp_line (start -0.261252 0.71) (end 0.261252 0.71) (layer F.SilkS) (width 0.12))
    (fp_line (start -0.261252 -0.71) (end 0.261252 -0.71) (layer F.SilkS) (width 0.12))
    (fp_line (start 1 0.6) (end -1 0.6) (layer F.Fab) (width 0.1))
    (fp_line (start 1 -0.6) (end 1 0.6) (layer F.Fab) (width 0.1))
    (fp_line (start -1 -0.6) (end 1 -0.6) (layer F.Fab) (width 0.1))
    (fp_line (start -1 0.6) (end -1 -0.6) (layer F.Fab) (width 0.1))
    (pad 2 smd roundrect (at 1.025 0 270) (size 1.15 1.4) (layers F.Cu F.Paste F.Mask) (roundrect_rratio 0.217391)
      (net 13 "/balance section/BAL_C1"))
    (pad 1 smd roundrect (at -1.025 0 270) (size 1.15 1.4) (layers F.Cu F.Paste F.Mask) (roundrect_rratio 0.217391)
      (net 12 "/balance section/BAL_C2"))
    (model ${KISYS3DMOD}/Capacitor_SMD.3dshapes/C_0805_2012Metric.wrl
      (at (xyz 0 0 0))
      (scale (xyz 1 1 1))
      (rotate (xyz 0 0 0))
    )
  )

  (module Resistor_SMD:R_1206_3216Metric_Pad1.42x1.75mm_HandSolder (layer F.Cu) (tedit 5B301BBD) (tstamp 5D504D59)
    (at 38.0875 41.8 180)
    (descr "Resistor SMD 1206 (3216 Metric), square (rectangular) end terminal, IPC_7351 nominal with elongated pad for handsoldering. (Body size source: http://www.tortai-tech.com/upload/download/2011102023233369053.pdf), generated with kicad-footprint-generator")
    (tags "resistor handsolder")
    (path /5D4426A3/5D47A74C)
    (attr smd)
    (fp_text reference R19 (at 3.8875 0) (layer F.SilkS)
      (effects (font (size 1 1) (thickness 0.15)))
    )
    (fp_text value 100 (at 0 1.82) (layer F.Fab)
      (effects (font (size 1 1) (thickness 0.15)))
    )
    (fp_line (start -1.6 0.8) (end -1.6 -0.8) (layer F.Fab) (width 0.1))
    (fp_line (start -1.6 -0.8) (end 1.6 -0.8) (layer F.Fab) (width 0.1))
    (fp_line (start 1.6 -0.8) (end 1.6 0.8) (layer F.Fab) (width 0.1))
    (fp_line (start 1.6 0.8) (end -1.6 0.8) (layer F.Fab) (width 0.1))
    (fp_line (start -0.602064 -0.91) (end 0.602064 -0.91) (layer F.SilkS) (width 0.12))
    (fp_line (start -0.602064 0.91) (end 0.602064 0.91) (layer F.SilkS) (width 0.12))
    (fp_line (start -2.45 1.12) (end -2.45 -1.12) (layer F.CrtYd) (width 0.05))
    (fp_line (start -2.45 -1.12) (end 2.45 -1.12) (layer F.CrtYd) (width 0.05))
    (fp_line (start 2.45 -1.12) (end 2.45 1.12) (layer F.CrtYd) (width 0.05))
    (fp_line (start 2.45 1.12) (end -2.45 1.12) (layer F.CrtYd) (width 0.05))
    (fp_text user %R (at 0 0) (layer F.Fab)
      (effects (font (size 0.8 0.8) (thickness 0.12)))
    )
    (pad 1 smd roundrect (at -1.4875 0 180) (size 1.425 1.75) (layers F.Cu F.Paste F.Mask) (roundrect_rratio 0.175439)
      (net 30 "Net-(Q7-Pad3)"))
    (pad 2 smd roundrect (at 1.4875 0 180) (size 1.425 1.75) (layers F.Cu F.Paste F.Mask) (roundrect_rratio 0.175439)
      (net 20 /RAW_C2))
    (model ${KISYS3DMOD}/Resistor_SMD.3dshapes/R_1206_3216Metric.wrl
      (at (xyz 0 0 0))
      (scale (xyz 1 1 1))
      (rotate (xyz 0 0 0))
    )
  )

  (module Resistor_SMD:R_1206_3216Metric_Pad1.42x1.75mm_HandSolder (layer F.Cu) (tedit 5B301BBD) (tstamp 5D504D6A)
    (at 38.0875 46.8 180)
    (descr "Resistor SMD 1206 (3216 Metric), square (rectangular) end terminal, IPC_7351 nominal with elongated pad for handsoldering. (Body size source: http://www.tortai-tech.com/upload/download/2011102023233369053.pdf), generated with kicad-footprint-generator")
    (tags "resistor handsolder")
    (path /5D4426A3/5D492565)
    (attr smd)
    (fp_text reference R20 (at 3.8875 0) (layer F.SilkS)
      (effects (font (size 1 1) (thickness 0.15)))
    )
    (fp_text value 100 (at 3.1125 5.3) (layer F.Fab)
      (effects (font (size 1 1) (thickness 0.15)))
    )
    (fp_line (start -1.6 0.8) (end -1.6 -0.8) (layer F.Fab) (width 0.1))
    (fp_line (start -1.6 -0.8) (end 1.6 -0.8) (layer F.Fab) (width 0.1))
    (fp_line (start 1.6 -0.8) (end 1.6 0.8) (layer F.Fab) (width 0.1))
    (fp_line (start 1.6 0.8) (end -1.6 0.8) (layer F.Fab) (width 0.1))
    (fp_line (start -0.602064 -0.91) (end 0.602064 -0.91) (layer F.SilkS) (width 0.12))
    (fp_line (start -0.602064 0.91) (end 0.602064 0.91) (layer F.SilkS) (width 0.12))
    (fp_line (start -2.45 1.12) (end -2.45 -1.12) (layer F.CrtYd) (width 0.05))
    (fp_line (start -2.45 -1.12) (end 2.45 -1.12) (layer F.CrtYd) (width 0.05))
    (fp_line (start 2.45 -1.12) (end 2.45 1.12) (layer F.CrtYd) (width 0.05))
    (fp_line (start 2.45 1.12) (end -2.45 1.12) (layer F.CrtYd) (width 0.05))
    (fp_text user %R (at 0 0) (layer F.Fab)
      (effects (font (size 0.8 0.8) (thickness 0.12)))
    )
    (pad 1 smd roundrect (at -1.4875 0 180) (size 1.425 1.75) (layers F.Cu F.Paste F.Mask) (roundrect_rratio 0.175439)
      (net 31 "Net-(Q8-Pad3)"))
    (pad 2 smd roundrect (at 1.4875 0 180) (size 1.425 1.75) (layers F.Cu F.Paste F.Mask) (roundrect_rratio 0.175439)
      (net 21 /RAW_C1))
    (model ${KISYS3DMOD}/Resistor_SMD.3dshapes/R_1206_3216Metric.wrl
      (at (xyz 0 0 0))
      (scale (xyz 1 1 1))
      (rotate (xyz 0 0 0))
    )
  )

  (module Capacitor_SMD:C_0805_2012Metric_Pad1.15x1.40mm_HandSolder (layer F.Cu) (tedit 5B36C52B) (tstamp 5D509665)
    (at 47.2 45.975 270)
    (descr "Capacitor SMD 0805 (2012 Metric), square (rectangular) end terminal, IPC_7351 nominal with elongated pad for handsoldering. (Body size source: https://docs.google.com/spreadsheets/d/1BsfQQcO9C6DZCsRaXUlFlo91Tg2WpOkGARC1WS5S8t0/edit?usp=sharing), generated with kicad-footprint-generator")
    (tags "capacitor handsolder")
    (path /5D4426A3/5D493EE9)
    (attr smd)
    (fp_text reference C14 (at 0 -1.65 90) (layer F.SilkS)
      (effects (font (size 1 1) (thickness 0.15)))
    )
    (fp_text value 220n (at 0 1.65 90) (layer F.Fab)
      (effects (font (size 1 1) (thickness 0.15)))
    )
    (fp_text user %R (at 0 0 90) (layer F.Fab)
      (effects (font (size 0.5 0.5) (thickness 0.08)))
    )
    (fp_line (start 1.85 0.95) (end -1.85 0.95) (layer F.CrtYd) (width 0.05))
    (fp_line (start 1.85 -0.95) (end 1.85 0.95) (layer F.CrtYd) (width 0.05))
    (fp_line (start -1.85 -0.95) (end 1.85 -0.95) (layer F.CrtYd) (width 0.05))
    (fp_line (start -1.85 0.95) (end -1.85 -0.95) (layer F.CrtYd) (width 0.05))
    (fp_line (start -0.261252 0.71) (end 0.261252 0.71) (layer F.SilkS) (width 0.12))
    (fp_line (start -0.261252 -0.71) (end 0.261252 -0.71) (layer F.SilkS) (width 0.12))
    (fp_line (start 1 0.6) (end -1 0.6) (layer F.Fab) (width 0.1))
    (fp_line (start 1 -0.6) (end 1 0.6) (layer F.Fab) (width 0.1))
    (fp_line (start -1 -0.6) (end 1 -0.6) (layer F.Fab) (width 0.1))
    (fp_line (start -1 0.6) (end -1 -0.6) (layer F.Fab) (width 0.1))
    (pad 2 smd roundrect (at 1.025 0 270) (size 1.15 1.4) (layers F.Cu F.Paste F.Mask) (roundrect_rratio 0.217391)
      (net 14 "/balance section/BAL_C0"))
    (pad 1 smd roundrect (at -1.025 0 270) (size 1.15 1.4) (layers F.Cu F.Paste F.Mask) (roundrect_rratio 0.217391)
      (net 13 "/balance section/BAL_C1"))
    (model ${KISYS3DMOD}/Capacitor_SMD.3dshapes/C_0805_2012Metric.wrl
      (at (xyz 0 0 0))
      (scale (xyz 1 1 1))
      (rotate (xyz 0 0 0))
    )
  )

  (module Capacitor_SMD:C_0805_2012Metric_Pad1.15x1.40mm_HandSolder (layer F.Cu) (tedit 5B36C52B) (tstamp 5D504819)
    (at 51.5 45.525 270)
    (descr "Capacitor SMD 0805 (2012 Metric), square (rectangular) end terminal, IPC_7351 nominal with elongated pad for handsoldering. (Body size source: https://docs.google.com/spreadsheets/d/1BsfQQcO9C6DZCsRaXUlFlo91Tg2WpOkGARC1WS5S8t0/edit?usp=sharing), generated with kicad-footprint-generator")
    (tags "capacitor handsolder")
    (path /5D32E153/5D4BE1A9)
    (attr smd)
    (fp_text reference C1 (at -2.925 0 90) (layer F.SilkS)
      (effects (font (size 1 1) (thickness 0.15)))
    )
    (fp_text value 100n (at 0 1.65 90) (layer F.Fab)
      (effects (font (size 1 1) (thickness 0.15)))
    )
    (fp_line (start -1 0.6) (end -1 -0.6) (layer F.Fab) (width 0.1))
    (fp_line (start -1 -0.6) (end 1 -0.6) (layer F.Fab) (width 0.1))
    (fp_line (start 1 -0.6) (end 1 0.6) (layer F.Fab) (width 0.1))
    (fp_line (start 1 0.6) (end -1 0.6) (layer F.Fab) (width 0.1))
    (fp_line (start -0.261252 -0.71) (end 0.261252 -0.71) (layer F.SilkS) (width 0.12))
    (fp_line (start -0.261252 0.71) (end 0.261252 0.71) (layer F.SilkS) (width 0.12))
    (fp_line (start -1.85 0.95) (end -1.85 -0.95) (layer F.CrtYd) (width 0.05))
    (fp_line (start -1.85 -0.95) (end 1.85 -0.95) (layer F.CrtYd) (width 0.05))
    (fp_line (start 1.85 -0.95) (end 1.85 0.95) (layer F.CrtYd) (width 0.05))
    (fp_line (start 1.85 0.95) (end -1.85 0.95) (layer F.CrtYd) (width 0.05))
    (fp_text user %R (at 0 0 90) (layer F.Fab)
      (effects (font (size 0.5 0.5) (thickness 0.08)))
    )
    (pad 1 smd roundrect (at -1.025 0 270) (size 1.15 1.4) (layers F.Cu F.Paste F.Mask) (roundrect_rratio 0.217391)
      (net 1 "Net-(C1-Pad1)"))
    (pad 2 smd roundrect (at 1.025 0 270) (size 1.15 1.4) (layers F.Cu F.Paste F.Mask) (roundrect_rratio 0.217391)
      (net 2 GND))
    (model ${KISYS3DMOD}/Capacitor_SMD.3dshapes/C_0805_2012Metric.wrl
      (at (xyz 0 0 0))
      (scale (xyz 1 1 1))
      (rotate (xyz 0 0 0))
    )
  )

