(kicad_pcb (version 20171130) (host pcbnew 5.1.5+dfsg1-2build2)

  (general
    (thickness 1.6)
    (drawings 27)
    (tracks 337)
    (zones 0)
    (modules 63)
    (nets 49)
  )

  (page A4)
  (layers
    (0 F.Cu signal)
    (31 B.Cu signal)
    (32 B.Adhes user hide)
    (33 F.Adhes user hide)
    (34 B.Paste user hide)
    (35 F.Paste user hide)
    (36 B.SilkS user)
    (37 F.SilkS user)
    (38 B.Mask user)
    (39 F.Mask user)
    (40 Dwgs.User user)
    (41 Cmts.User user)
    (42 Eco1.User user)
    (43 Eco2.User user)
    (44 Edge.Cuts user)
    (45 Margin user)
    (46 B.CrtYd user)
    (47 F.CrtYd user)
    (48 B.Fab user hide)
    (49 F.Fab user hide)
  )

  (setup
    (last_trace_width 5)
    (user_trace_width 0.3)
    (user_trace_width 0.5)
    (user_trace_width 0.7)
    (user_trace_width 1)
    (user_trace_width 2)
    (user_trace_width 5)
    (trace_clearance 0.2)
    (zone_clearance 0.254)
    (zone_45_only no)
    (trace_min 0.2)
    (via_size 0.8)
    (via_drill 0.4)
    (via_min_size 0.6)
    (via_min_drill 0.3)
    (user_via 1 0.5)
    (uvia_size 0.3)
    (uvia_drill 0.1)
    (uvias_allowed no)
    (uvia_min_size 0.2)
    (uvia_min_drill 0.1)
    (edge_width 0.05)
    (segment_width 0.2)
    (pcb_text_width 0.3)
    (pcb_text_size 1.5 1.5)
    (mod_edge_width 0.12)
    (mod_text_size 1 1)
    (mod_text_width 0.15)
    (pad_size 1.524 1.524)
    (pad_drill 0.762)
    (pad_to_mask_clearance 0.051)
    (solder_mask_min_width 0.25)
    (aux_axis_origin 0 0)
    (visible_elements FFFFFF7F)
    (pcbplotparams
      (layerselection 0x030f0_ffffffff)
      (usegerberextensions false)
      (usegerberattributes false)
      (usegerberadvancedattributes false)
      (creategerberjobfile false)
      (excludeedgelayer true)
      (linewidth 0.100000)
      (plotframeref false)
      (viasonmask false)
      (mode 1)
      (useauxorigin false)
      (hpglpennumber 1)
      (hpglpenspeed 20)
      (hpglpendiameter 15.000000)
      (psnegative false)
      (psa4output false)
      (plotreference true)
      (plotvalue true)
      (plotinvisibletext false)
      (padsonsilk false)
      (subtractmaskfromsilk false)
      (outputformat 1)
      (mirror false)
      (drillshape 0)
      (scaleselection 1)
      (outputdirectory "output/"))
  )

  (net 0 "")
  (net 1 "Net-(C1-Pad1)")
  (net 2 GND)
  (net 3 "Net-(C2-Pad1)")
  (net 4 "Net-(C4-Pad2)")
  (net 5 "Net-(C5-Pad2)")
  (net 6 /BAT_THERM)
  (net 7 "Net-(C7-Pad2)")
  (net 8 /BAT+)
  (net 9 "/balance section/BAL_C5")
  (net 10 "/balance section/BAL_C4")
  (net 11 "/balance section/BAL_C3")
  (net 12 "/balance section/BAL_C2")
  (net 13 "/balance section/BAL_C1")
  (net 14 "/balance section/BAL_C0")
  (net 15 "Net-(D1-Pad1)")
  (net 16 "Net-(D2-Pad2)")
  (net 17 "Net-(D2-Pad1)")
  (net 18 /RAW_C4)
  (net 19 /RAW_C3)
  (net 20 /RAW_C2)
  (net 21 /RAW_C1)
  (net 22 /RAW_BATT-)
  (net 23 /RAW_C5)
  (net 24 "Net-(Q1-Pad4)")
  (net 25 "Net-(Q1-Pad5)")
  (net 26 "Net-(Q1-Pad1)")
  (net 27 "Net-(Q2-Pad2)")
  (net 28 "Net-(R11-Pad1)")
  (net 29 "Net-(R34-Pad1)")
  (net 30 "Net-(R35-Pad1)")
  (net 31 "Net-(J4-Pad1)")
  (net 32 +3V3)
  (net 33 /cpu/~NRST)
  (net 34 "Net-(D11-Pad2)")
  (net 35 "Net-(D12-Pad2)")
  (net 36 "Net-(D13-Pad2)")
  (net 37 "/bq76920 section/PACK-")
  (net 38 /cpu/SWDIO)
  (net 39 /cpu/SWCLK)
  (net 40 /cpu/USART2_TX)
  (net 41 /cpu/USART2_RX)
  (net 42 /cpu/PACK_ALERT)
  (net 43 /cpu/PACK_SDA)
  (net 44 /cpu/PACK_SCL)
  (net 45 "Net-(R36-Pad1)")
  (net 46 /cpu/BTN)
  (net 47 "Net-(R32-Pad1)")
  (net 48 /BAT-)

  (net_class Default "This is the default net class."
    (clearance 0.2)
    (trace_width 0.25)
    (via_dia 0.8)
    (via_drill 0.4)
    (uvia_dia 0.3)
    (uvia_drill 0.1)
    (add_net +3V3)
    (add_net /BAT+)
    (add_net /BAT-)
    (add_net /BAT_THERM)
    (add_net /RAW_BATT-)
    (add_net /RAW_C1)
    (add_net /RAW_C2)
    (add_net /RAW_C3)
    (add_net /RAW_C4)
    (add_net /RAW_C5)
    (add_net "/balance section/BAL_C0")
    (add_net "/balance section/BAL_C1")
    (add_net "/balance section/BAL_C2")
    (add_net "/balance section/BAL_C3")
    (add_net "/balance section/BAL_C4")
    (add_net "/balance section/BAL_C5")
    (add_net "/bq76920 section/PACK-")
    (add_net /cpu/BTN)
    (add_net /cpu/PACK_ALERT)
    (add_net /cpu/PACK_SCL)
    (add_net /cpu/PACK_SDA)
    (add_net /cpu/SWCLK)
    (add_net /cpu/SWDIO)
    (add_net /cpu/USART2_RX)
    (add_net /cpu/USART2_TX)
    (add_net /cpu/~NRST)
    (add_net GND)
    (add_net "Net-(C1-Pad1)")
    (add_net "Net-(C2-Pad1)")
    (add_net "Net-(C4-Pad2)")
    (add_net "Net-(C5-Pad2)")
    (add_net "Net-(C7-Pad2)")
    (add_net "Net-(D1-Pad1)")
    (add_net "Net-(D11-Pad2)")
    (add_net "Net-(D12-Pad2)")
    (add_net "Net-(D13-Pad2)")
    (add_net "Net-(D2-Pad1)")
    (add_net "Net-(D2-Pad2)")
    (add_net "Net-(J4-Pad1)")
    (add_net "Net-(Q1-Pad1)")
    (add_net "Net-(Q1-Pad4)")
    (add_net "Net-(Q1-Pad5)")
    (add_net "Net-(Q2-Pad2)")
    (add_net "Net-(R11-Pad1)")
    (add_net "Net-(R32-Pad1)")
    (add_net "Net-(R34-Pad1)")
    (add_net "Net-(R35-Pad1)")
    (add_net "Net-(R36-Pad1)")
  )

  (module Resistor_SMD:R_0805_2012Metric_Pad1.15x1.40mm_HandSolder (layer F.Cu) (tedit 5B36C52B) (tstamp 5D504CF3)
    (at 64.93 51.63 270)
    (descr "Resistor SMD 0805 (2012 Metric), square (rectangular) end terminal, IPC_7351 nominal with elongated pad for handsoldering. (Body size source: https://docs.google.com/spreadsheets/d/1BsfQQcO9C6DZCsRaXUlFlo91Tg2WpOkGARC1WS5S8t0/edit?usp=sharing), generated with kicad-footprint-generator")
    (tags "resistor handsolder")
    (path /5D32E153/5D5484F7)
    (attr smd)
    (fp_text reference R13 (at -3.15 0.19 90) (layer F.SilkS)
      (effects (font (size 0.7 0.7) (thickness 0.1)))
    )
    (fp_text value 1Meg (at 0 1.65 90) (layer F.Fab)
      (effects (font (size 0.7 0.7) (thickness 0.1)))
    )
    (fp_text user %R (at 0 0 90) (layer F.Fab)
      (effects (font (size 0.5 0.5) (thickness 0.08)))
    )
    (fp_line (start 1.85 0.95) (end -1.85 0.95) (layer F.CrtYd) (width 0.05))
    (fp_line (start 1.85 -0.95) (end 1.85 0.95) (layer F.CrtYd) (width 0.05))
    (fp_line (start -1.85 -0.95) (end 1.85 -0.95) (layer F.CrtYd) (width 0.05))
    (fp_line (start -1.85 0.95) (end -1.85 -0.95) (layer F.CrtYd) (width 0.05))
    (fp_line (start -0.261252 0.71) (end 0.261252 0.71) (layer F.SilkS) (width 0.12))
    (fp_line (start -0.261252 -0.71) (end 0.261252 -0.71) (layer F.SilkS) (width 0.12))
    (fp_line (start 1 0.6) (end -1 0.6) (layer F.Fab) (width 0.1))
    (fp_line (start 1 -0.6) (end 1 0.6) (layer F.Fab) (width 0.1))
    (fp_line (start -1 -0.6) (end 1 -0.6) (layer F.Fab) (width 0.1))
    (fp_line (start -1 0.6) (end -1 -0.6) (layer F.Fab) (width 0.1))
    (pad 2 smd roundrect (at 1.025 0 270) (size 1.15 1.4) (layers F.Cu F.Paste F.Mask) (roundrect_rratio 0.217391)
      (net 37 "/bq76920 section/PACK-"))
    (pad 1 smd roundrect (at -1.025 0 270) (size 1.15 1.4) (layers F.Cu F.Paste F.Mask) (roundrect_rratio 0.217391)
      (net 17 "Net-(D2-Pad1)"))
    (model ${KISYS3DMOD}/Resistor_SMD.3dshapes/R_0805_2012Metric.wrl
      (at (xyz 0 0 0))
      (scale (xyz 1 1 1))
      (rotate (xyz 0 0 0))
    )
  )

  (module Capacitor_SMD:C_0805_2012Metric (layer F.Cu) (tedit 5B36C52B) (tstamp 5FD35986)
    (at 52.45 23.4375 270)
    (descr "Capacitor SMD 0805 (2012 Metric), square (rectangular) end terminal, IPC_7351 nominal, (Body size source: https://docs.google.com/spreadsheets/d/1BsfQQcO9C6DZCsRaXUlFlo91Tg2WpOkGARC1WS5S8t0/edit?usp=sharing), generated with kicad-footprint-generator")
    (tags capacitor)
    (path /5D32E153/5D5401EB)
    (attr smd)
    (fp_text reference C7 (at 2.4725 -0.05 90) (layer F.SilkS)
      (effects (font (size 0.7 0.7) (thickness 0.1)))
    )
    (fp_text value CGA4J1X7R1V475K125AC (at 0 1.65 90) (layer F.Fab)
      (effects (font (size 0.7 0.7) (thickness 0.1)))
    )
    (fp_text user %R (at 0 0 90) (layer F.Fab)
      (effects (font (size 0.5 0.5) (thickness 0.08)))
    )
    (fp_line (start 1.68 0.95) (end -1.68 0.95) (layer F.CrtYd) (width 0.05))
    (fp_line (start 1.68 -0.95) (end 1.68 0.95) (layer F.CrtYd) (width 0.05))
    (fp_line (start -1.68 -0.95) (end 1.68 -0.95) (layer F.CrtYd) (width 0.05))
    (fp_line (start -1.68 0.95) (end -1.68 -0.95) (layer F.CrtYd) (width 0.05))
    (fp_line (start -0.258578 0.71) (end 0.258578 0.71) (layer F.SilkS) (width 0.12))
    (fp_line (start -0.258578 -0.71) (end 0.258578 -0.71) (layer F.SilkS) (width 0.12))
    (fp_line (start 1 0.6) (end -1 0.6) (layer F.Fab) (width 0.1))
    (fp_line (start 1 -0.6) (end 1 0.6) (layer F.Fab) (width 0.1))
    (fp_line (start -1 -0.6) (end 1 -0.6) (layer F.Fab) (width 0.1))
    (fp_line (start -1 0.6) (end -1 -0.6) (layer F.Fab) (width 0.1))
    (pad 2 smd roundrect (at 0.9375 0 270) (size 0.975 1.4) (layers F.Cu F.Paste F.Mask) (roundrect_rratio 0.25)
      (net 7 "Net-(C7-Pad2)"))
    (pad 1 smd roundrect (at -0.9375 0 270) (size 0.975 1.4) (layers F.Cu F.Paste F.Mask) (roundrect_rratio 0.25)
      (net 2 GND))
    (model ${KISYS3DMOD}/Capacitor_SMD.3dshapes/C_0805_2012Metric.wrl
      (at (xyz 0 0 0))
      (scale (xyz 1 1 1))
      (rotate (xyz 0 0 0))
    )
  )

  (module Resistor_SMD:R_1206_3216Metric (layer F.Cu) (tedit 5B301BBD) (tstamp 5FD23774)
    (at 43.89 31.35 180)
    (descr "Resistor SMD 1206 (3216 Metric), square (rectangular) end terminal, IPC_7351 nominal, (Body size source: http://www.tortai-tech.com/upload/download/2011102023233369053.pdf), generated with kicad-footprint-generator")
    (tags resistor)
    (path /5D4426A3/5FD2E509)
    (attr smd)
    (fp_text reference R17 (at -3.33 0.02) (layer F.SilkS)
      (effects (font (size 0.7 0.7) (thickness 0.1)))
    )
    (fp_text value 100 (at 0 1.82) (layer F.Fab)
      (effects (font (size 0.7 0.7) (thickness 0.1)))
    )
    (fp_text user %R (at 0 0) (layer F.Fab)
      (effects (font (size 0.8 0.8) (thickness 0.12)))
    )
    (fp_line (start 2.28 1.12) (end -2.28 1.12) (layer F.CrtYd) (width 0.05))
    (fp_line (start 2.28 -1.12) (end 2.28 1.12) (layer F.CrtYd) (width 0.05))
    (fp_line (start -2.28 -1.12) (end 2.28 -1.12) (layer F.CrtYd) (width 0.05))
    (fp_line (start -2.28 1.12) (end -2.28 -1.12) (layer F.CrtYd) (width 0.05))
    (fp_line (start -0.602064 0.91) (end 0.602064 0.91) (layer F.SilkS) (width 0.12))
    (fp_line (start -0.602064 -0.91) (end 0.602064 -0.91) (layer F.SilkS) (width 0.12))
    (fp_line (start 1.6 0.8) (end -1.6 0.8) (layer F.Fab) (width 0.1))
    (fp_line (start 1.6 -0.8) (end 1.6 0.8) (layer F.Fab) (width 0.1))
    (fp_line (start -1.6 -0.8) (end 1.6 -0.8) (layer F.Fab) (width 0.1))
    (fp_line (start -1.6 0.8) (end -1.6 -0.8) (layer F.Fab) (width 0.1))
    (pad 2 smd roundrect (at 1.4 0 180) (size 1.25 1.75) (layers F.Cu F.Paste F.Mask) (roundrect_rratio 0.2)
      (net 18 /RAW_C4))
    (pad 1 smd roundrect (at -1.4 0 180) (size 1.25 1.75) (layers F.Cu F.Paste F.Mask) (roundrect_rratio 0.2)
      (net 10 "/balance section/BAL_C4"))
    (model ${KISYS3DMOD}/Resistor_SMD.3dshapes/R_1206_3216Metric.wrl
      (at (xyz 0 0 0))
      (scale (xyz 1 1 1))
      (rotate (xyz 0 0 0))
    )
  )

  (module Capacitor_SMD:C_0805_2012Metric_Pad1.15x1.40mm_HandSolder (layer F.Cu) (tedit 5B36C52B) (tstamp 6196D430)
    (at 68.265 23.11 180)
    (descr "Capacitor SMD 0805 (2012 Metric), square (rectangular) end terminal, IPC_7351 nominal with elongated pad for handsoldering. (Body size source: https://docs.google.com/spreadsheets/d/1BsfQQcO9C6DZCsRaXUlFlo91Tg2WpOkGARC1WS5S8t0/edit?usp=sharing), generated with kicad-footprint-generator")
    (tags "capacitor handsolder")
    (path /5E142913/5E13DDCE)
    (attr smd)
    (fp_text reference C9 (at -2.555 0.01) (layer F.SilkS)
      (effects (font (size 0.7 0.7) (thickness 0.1)))
    )
    (fp_text value 100nF (at 0 1.65) (layer F.Fab)
      (effects (font (size 0.7 0.7) (thickness 0.1)))
    )
    (fp_line (start -1 0.6) (end -1 -0.6) (layer F.Fab) (width 0.1))
    (fp_line (start -1 -0.6) (end 1 -0.6) (layer F.Fab) (width 0.1))
    (fp_line (start 1 -0.6) (end 1 0.6) (layer F.Fab) (width 0.1))
    (fp_line (start 1 0.6) (end -1 0.6) (layer F.Fab) (width 0.1))
    (fp_line (start -0.261252 -0.71) (end 0.261252 -0.71) (layer F.SilkS) (width 0.12))
    (fp_line (start -0.261252 0.71) (end 0.261252 0.71) (layer F.SilkS) (width 0.12))
    (fp_line (start -1.85 0.95) (end -1.85 -0.95) (layer F.CrtYd) (width 0.05))
    (fp_line (start -1.85 -0.95) (end 1.85 -0.95) (layer F.CrtYd) (width 0.05))
    (fp_line (start 1.85 -0.95) (end 1.85 0.95) (layer F.CrtYd) (width 0.05))
    (fp_line (start 1.85 0.95) (end -1.85 0.95) (layer F.CrtYd) (width 0.05))
    (fp_text user %R (at 0 0) (layer F.Fab)
      (effects (font (size 0.5 0.5) (thickness 0.08)))
    )
    (pad 1 smd roundrect (at -1.025 0 180) (size 1.15 1.4) (layers F.Cu F.Paste F.Mask) (roundrect_rratio 0.217391)
      (net 32 +3V3))
    (pad 2 smd roundrect (at 1.025 0 180) (size 1.15 1.4) (layers F.Cu F.Paste F.Mask) (roundrect_rratio 0.217391)
      (net 2 GND))
    (model ${KISYS3DMOD}/Capacitor_SMD.3dshapes/C_0805_2012Metric.wrl
      (at (xyz 0 0 0))
      (scale (xyz 1 1 1))
      (rotate (xyz 0 0 0))
    )
  )

  (module Capacitor_SMD:C_0805_2012Metric_Pad1.15x1.40mm_HandSolder (layer F.Cu) (tedit 5B36C52B) (tstamp 5D50483B)
    (at 57.6 45.525 90)
    (descr "Capacitor SMD 0805 (2012 Metric), square (rectangular) end terminal, IPC_7351 nominal with elongated pad for handsoldering. (Body size source: https://docs.google.com/spreadsheets/d/1BsfQQcO9C6DZCsRaXUlFlo91Tg2WpOkGARC1WS5S8t0/edit?usp=sharing), generated with kicad-footprint-generator")
    (tags "capacitor handsolder")
    (path /5D32E153/5D4BF1AC)
    (attr smd)
    (fp_text reference C3 (at 2.335 -0.3 180) (layer F.SilkS)
      (effects (font (size 0.7 0.7) (thickness 0.1)))
    )
    (fp_text value 100n (at 0 1.65 90) (layer F.Fab)
      (effects (font (size 0.7 0.7) (thickness 0.1)))
    )
    (fp_line (start -1 0.6) (end -1 -0.6) (layer F.Fab) (width 0.1))
    (fp_line (start -1 -0.6) (end 1 -0.6) (layer F.Fab) (width 0.1))
    (fp_line (start 1 -0.6) (end 1 0.6) (layer F.Fab) (width 0.1))
    (fp_line (start 1 0.6) (end -1 0.6) (layer F.Fab) (width 0.1))
    (fp_line (start -0.261252 -0.71) (end 0.261252 -0.71) (layer F.SilkS) (width 0.12))
    (fp_line (start -0.261252 0.71) (end 0.261252 0.71) (layer F.SilkS) (width 0.12))
    (fp_line (start -1.85 0.95) (end -1.85 -0.95) (layer F.CrtYd) (width 0.05))
    (fp_line (start -1.85 -0.95) (end 1.85 -0.95) (layer F.CrtYd) (width 0.05))
    (fp_line (start 1.85 -0.95) (end 1.85 0.95) (layer F.CrtYd) (width 0.05))
    (fp_line (start 1.85 0.95) (end -1.85 0.95) (layer F.CrtYd) (width 0.05))
    (fp_text user %R (at 0 0 90) (layer F.Fab)
      (effects (font (size 0.5 0.5) (thickness 0.08)))
    )
    (pad 1 smd roundrect (at -1.025 0 90) (size 1.15 1.4) (layers F.Cu F.Paste F.Mask) (roundrect_rratio 0.217391)
      (net 2 GND))
    (pad 2 smd roundrect (at 1.025 0 90) (size 1.15 1.4) (layers F.Cu F.Paste F.Mask) (roundrect_rratio 0.217391)
      (net 3 "Net-(C2-Pad1)"))
    (model ${KISYS3DMOD}/Capacitor_SMD.3dshapes/C_0805_2012Metric.wrl
      (at (xyz 0 0 0))
      (scale (xyz 1 1 1))
      (rotate (xyz 0 0 0))
    )
  )

  (module Capacitor_SMD:C_0805_2012Metric_Pad1.15x1.40mm_HandSolder (layer F.Cu) (tedit 5B36C52B) (tstamp 5D504819)
    (at 51.5 45.525 270)
    (descr "Capacitor SMD 0805 (2012 Metric), square (rectangular) end terminal, IPC_7351 nominal with elongated pad for handsoldering. (Body size source: https://docs.google.com/spreadsheets/d/1BsfQQcO9C6DZCsRaXUlFlo91Tg2WpOkGARC1WS5S8t0/edit?usp=sharing), generated with kicad-footprint-generator")
    (tags "capacitor handsolder")
    (path /5D32E153/5D4BE1A9)
    (attr smd)
    (fp_text reference C1 (at -2.665 0.02 90) (layer F.SilkS)
      (effects (font (size 0.7 0.7) (thickness 0.1)))
    )
    (fp_text value 100n (at 0 1.65 90) (layer F.Fab)
      (effects (font (size 0.7 0.7) (thickness 0.1)))
    )
    (fp_line (start -1 0.6) (end -1 -0.6) (layer F.Fab) (width 0.1))
    (fp_line (start -1 -0.6) (end 1 -0.6) (layer F.Fab) (width 0.1))
    (fp_line (start 1 -0.6) (end 1 0.6) (layer F.Fab) (width 0.1))
    (fp_line (start 1 0.6) (end -1 0.6) (layer F.Fab) (width 0.1))
    (fp_line (start -0.261252 -0.71) (end 0.261252 -0.71) (layer F.SilkS) (width 0.12))
    (fp_line (start -0.261252 0.71) (end 0.261252 0.71) (layer F.SilkS) (width 0.12))
    (fp_line (start -1.85 0.95) (end -1.85 -0.95) (layer F.CrtYd) (width 0.05))
    (fp_line (start -1.85 -0.95) (end 1.85 -0.95) (layer F.CrtYd) (width 0.05))
    (fp_line (start 1.85 -0.95) (end 1.85 0.95) (layer F.CrtYd) (width 0.05))
    (fp_line (start 1.85 0.95) (end -1.85 0.95) (layer F.CrtYd) (width 0.05))
    (fp_text user %R (at 0 0 90) (layer F.Fab)
      (effects (font (size 0.5 0.5) (thickness 0.08)))
    )
    (pad 1 smd roundrect (at -1.025 0 270) (size 1.15 1.4) (layers F.Cu F.Paste F.Mask) (roundrect_rratio 0.217391)
      (net 1 "Net-(C1-Pad1)"))
    (pad 2 smd roundrect (at 1.025 0 270) (size 1.15 1.4) (layers F.Cu F.Paste F.Mask) (roundrect_rratio 0.217391)
      (net 2 GND))
    (model ${KISYS3DMOD}/Capacitor_SMD.3dshapes/C_0805_2012Metric.wrl
      (at (xyz 0 0 0))
      (scale (xyz 1 1 1))
      (rotate (xyz 0 0 0))
    )
  )

  (module Capacitor_SMD:C_0805_2012Metric_Pad1.15x1.40mm_HandSolder (layer F.Cu) (tedit 5B36C52B) (tstamp 5D50482A)
    (at 54.525 44.5 180)
    (descr "Capacitor SMD 0805 (2012 Metric), square (rectangular) end terminal, IPC_7351 nominal with elongated pad for handsoldering. (Body size source: https://docs.google.com/spreadsheets/d/1BsfQQcO9C6DZCsRaXUlFlo91Tg2WpOkGARC1WS5S8t0/edit?usp=sharing), generated with kicad-footprint-generator")
    (tags "capacitor handsolder")
    (path /5D32E153/5D4BF012)
    (attr smd)
    (fp_text reference C2 (at 1.265 1.44) (layer F.SilkS)
      (effects (font (size 0.7 0.7) (thickness 0.1)))
    )
    (fp_text value 100n (at 0 1.65) (layer F.Fab)
      (effects (font (size 0.7 0.7) (thickness 0.1)))
    )
    (fp_text user %R (at 0 0) (layer F.Fab)
      (effects (font (size 0.5 0.5) (thickness 0.08)))
    )
    (fp_line (start 1.85 0.95) (end -1.85 0.95) (layer F.CrtYd) (width 0.05))
    (fp_line (start 1.85 -0.95) (end 1.85 0.95) (layer F.CrtYd) (width 0.05))
    (fp_line (start -1.85 -0.95) (end 1.85 -0.95) (layer F.CrtYd) (width 0.05))
    (fp_line (start -1.85 0.95) (end -1.85 -0.95) (layer F.CrtYd) (width 0.05))
    (fp_line (start -0.261252 0.71) (end 0.261252 0.71) (layer F.SilkS) (width 0.12))
    (fp_line (start -0.261252 -0.71) (end 0.261252 -0.71) (layer F.SilkS) (width 0.12))
    (fp_line (start 1 0.6) (end -1 0.6) (layer F.Fab) (width 0.1))
    (fp_line (start 1 -0.6) (end 1 0.6) (layer F.Fab) (width 0.1))
    (fp_line (start -1 -0.6) (end 1 -0.6) (layer F.Fab) (width 0.1))
    (fp_line (start -1 0.6) (end -1 -0.6) (layer F.Fab) (width 0.1))
    (pad 2 smd roundrect (at 1.025 0 180) (size 1.15 1.4) (layers F.Cu F.Paste F.Mask) (roundrect_rratio 0.217391)
      (net 1 "Net-(C1-Pad1)"))
    (pad 1 smd roundrect (at -1.025 0 180) (size 1.15 1.4) (layers F.Cu F.Paste F.Mask) (roundrect_rratio 0.217391)
      (net 3 "Net-(C2-Pad1)"))
    (model ${KISYS3DMOD}/Capacitor_SMD.3dshapes/C_0805_2012Metric.wrl
      (at (xyz 0 0 0))
      (scale (xyz 1 1 1))
      (rotate (xyz 0 0 0))
    )
  )

  (module Capacitor_SMD:C_0805_2012Metric_Pad1.15x1.40mm_HandSolder (layer F.Cu) (tedit 5B36C52B) (tstamp 5D50484C)
    (at 55.19 39.08 90)
    (descr "Capacitor SMD 0805 (2012 Metric), square (rectangular) end terminal, IPC_7351 nominal with elongated pad for handsoldering. (Body size source: https://docs.google.com/spreadsheets/d/1BsfQQcO9C6DZCsRaXUlFlo91Tg2WpOkGARC1WS5S8t0/edit?usp=sharing), generated with kicad-footprint-generator")
    (tags "capacitor handsolder")
    (path /5D32E153/5D4D0180)
    (attr smd)
    (fp_text reference C4 (at -2.42 -0.31 180) (layer F.SilkS)
      (effects (font (size 0.7 0.7) (thickness 0.1)))
    )
    (fp_text value 1n (at 0 1.65 90) (layer F.Fab)
      (effects (font (size 0.7 0.7) (thickness 0.1)))
    )
    (fp_line (start -1 0.6) (end -1 -0.6) (layer F.Fab) (width 0.1))
    (fp_line (start -1 -0.6) (end 1 -0.6) (layer F.Fab) (width 0.1))
    (fp_line (start 1 -0.6) (end 1 0.6) (layer F.Fab) (width 0.1))
    (fp_line (start 1 0.6) (end -1 0.6) (layer F.Fab) (width 0.1))
    (fp_line (start -0.261252 -0.71) (end 0.261252 -0.71) (layer F.SilkS) (width 0.12))
    (fp_line (start -0.261252 0.71) (end 0.261252 0.71) (layer F.SilkS) (width 0.12))
    (fp_line (start -1.85 0.95) (end -1.85 -0.95) (layer F.CrtYd) (width 0.05))
    (fp_line (start -1.85 -0.95) (end 1.85 -0.95) (layer F.CrtYd) (width 0.05))
    (fp_line (start 1.85 -0.95) (end 1.85 0.95) (layer F.CrtYd) (width 0.05))
    (fp_line (start 1.85 0.95) (end -1.85 0.95) (layer F.CrtYd) (width 0.05))
    (fp_text user %R (at 0 0 90) (layer F.Fab)
      (effects (font (size 0.5 0.5) (thickness 0.08)))
    )
    (pad 1 smd roundrect (at -1.025 0 90) (size 1.15 1.4) (layers F.Cu F.Paste F.Mask) (roundrect_rratio 0.217391)
      (net 2 GND))
    (pad 2 smd roundrect (at 1.025 0 90) (size 1.15 1.4) (layers F.Cu F.Paste F.Mask) (roundrect_rratio 0.217391)
      (net 4 "Net-(C4-Pad2)"))
    (model ${KISYS3DMOD}/Capacitor_SMD.3dshapes/C_0805_2012Metric.wrl
      (at (xyz 0 0 0))
      (scale (xyz 1 1 1))
      (rotate (xyz 0 0 0))
    )
  )

  (module Capacitor_SMD:C_0805_2012Metric_Pad1.15x1.40mm_HandSolder (layer F.Cu) (tedit 5B36C52B) (tstamp 5D50486E)
    (at 54.8 36.06)
    (descr "Capacitor SMD 0805 (2012 Metric), square (rectangular) end terminal, IPC_7351 nominal with elongated pad for handsoldering. (Body size source: https://docs.google.com/spreadsheets/d/1BsfQQcO9C6DZCsRaXUlFlo91Tg2WpOkGARC1WS5S8t0/edit?usp=sharing), generated with kicad-footprint-generator")
    (tags "capacitor handsolder")
    (path /5D32E153/5D4F54CC)
    (attr smd)
    (fp_text reference C6 (at 2.41 0.41 90) (layer F.SilkS)
      (effects (font (size 0.7 0.7) (thickness 0.1)))
    )
    (fp_text value 1n (at 0 1.65) (layer F.Fab)
      (effects (font (size 0.7 0.7) (thickness 0.1)))
    )
    (fp_text user %R (at 0 0) (layer F.Fab)
      (effects (font (size 0.5 0.5) (thickness 0.08)))
    )
    (fp_line (start 1.85 0.95) (end -1.85 0.95) (layer F.CrtYd) (width 0.05))
    (fp_line (start 1.85 -0.95) (end 1.85 0.95) (layer F.CrtYd) (width 0.05))
    (fp_line (start -1.85 -0.95) (end 1.85 -0.95) (layer F.CrtYd) (width 0.05))
    (fp_line (start -1.85 0.95) (end -1.85 -0.95) (layer F.CrtYd) (width 0.05))
    (fp_line (start -0.261252 0.71) (end 0.261252 0.71) (layer F.SilkS) (width 0.12))
    (fp_line (start -0.261252 -0.71) (end 0.261252 -0.71) (layer F.SilkS) (width 0.12))
    (fp_line (start 1 0.6) (end -1 0.6) (layer F.Fab) (width 0.1))
    (fp_line (start 1 -0.6) (end 1 0.6) (layer F.Fab) (width 0.1))
    (fp_line (start -1 -0.6) (end 1 -0.6) (layer F.Fab) (width 0.1))
    (fp_line (start -1 0.6) (end -1 -0.6) (layer F.Fab) (width 0.1))
    (pad 2 smd roundrect (at 1.025 0) (size 1.15 1.4) (layers F.Cu F.Paste F.Mask) (roundrect_rratio 0.217391)
      (net 6 /BAT_THERM))
    (pad 1 smd roundrect (at -1.025 0) (size 1.15 1.4) (layers F.Cu F.Paste F.Mask) (roundrect_rratio 0.217391)
      (net 2 GND))
    (model ${KISYS3DMOD}/Capacitor_SMD.3dshapes/C_0805_2012Metric.wrl
      (at (xyz 0 0 0))
      (scale (xyz 1 1 1))
      (rotate (xyz 0 0 0))
    )
  )

  (module Capacitor_SMD:C_0805_2012Metric_Pad1.15x1.40mm_HandSolder (layer F.Cu) (tedit 5B36C52B) (tstamp 5D504907)
    (at 48.09 46.54)
    (descr "Capacitor SMD 0805 (2012 Metric), square (rectangular) end terminal, IPC_7351 nominal with elongated pad for handsoldering. (Body size source: https://docs.google.com/spreadsheets/d/1BsfQQcO9C6DZCsRaXUlFlo91Tg2WpOkGARC1WS5S8t0/edit?usp=sharing), generated with kicad-footprint-generator")
    (tags "capacitor handsolder")
    (path /5D4426A3/5D4AE5A9)
    (attr smd)
    (fp_text reference C15 (at -0.73 1.47) (layer F.SilkS)
      (effects (font (size 0.7 0.7) (thickness 0.1)))
    )
    (fp_text value 1u (at 0 1.65) (layer F.Fab)
      (effects (font (size 0.7 0.7) (thickness 0.1)))
    )
    (fp_line (start -1 0.6) (end -1 -0.6) (layer F.Fab) (width 0.1))
    (fp_line (start -1 -0.6) (end 1 -0.6) (layer F.Fab) (width 0.1))
    (fp_line (start 1 -0.6) (end 1 0.6) (layer F.Fab) (width 0.1))
    (fp_line (start 1 0.6) (end -1 0.6) (layer F.Fab) (width 0.1))
    (fp_line (start -0.261252 -0.71) (end 0.261252 -0.71) (layer F.SilkS) (width 0.12))
    (fp_line (start -0.261252 0.71) (end 0.261252 0.71) (layer F.SilkS) (width 0.12))
    (fp_line (start -1.85 0.95) (end -1.85 -0.95) (layer F.CrtYd) (width 0.05))
    (fp_line (start -1.85 -0.95) (end 1.85 -0.95) (layer F.CrtYd) (width 0.05))
    (fp_line (start 1.85 -0.95) (end 1.85 0.95) (layer F.CrtYd) (width 0.05))
    (fp_line (start 1.85 0.95) (end -1.85 0.95) (layer F.CrtYd) (width 0.05))
    (fp_text user %R (at 0 0) (layer F.Fab)
      (effects (font (size 0.5 0.5) (thickness 0.08)))
    )
    (pad 1 smd roundrect (at -1.025 0) (size 1.15 1.4) (layers F.Cu F.Paste F.Mask) (roundrect_rratio 0.217391)
      (net 14 "/balance section/BAL_C0"))
    (pad 2 smd roundrect (at 1.025 0) (size 1.15 1.4) (layers F.Cu F.Paste F.Mask) (roundrect_rratio 0.217391)
      (net 2 GND))
    (model ${KISYS3DMOD}/Capacitor_SMD.3dshapes/C_0805_2012Metric.wrl
      (at (xyz 0 0 0))
      (scale (xyz 1 1 1))
      (rotate (xyz 0 0 0))
    )
  )

  (module Connector_JST:JST_PH_B6B-PH-K_1x06_P2.00mm_Vertical (layer F.Cu) (tedit 5B7745C2) (tstamp 5D504A79)
    (at 32.85 40.05 90)
    (descr "JST PH series connector, B6B-PH-K (http://www.jst-mfg.com/product/pdf/eng/ePH.pdf), generated with kicad-footprint-generator")
    (tags "connector JST PH side entry")
    (path /5D588EED)
    (fp_text reference J2 (at -3 -1.34 180) (layer F.SilkS)
      (effects (font (size 0.7 0.7) (thickness 0.1)))
    )
    (fp_text value Conn_01x06 (at 5 4 90) (layer F.Fab)
      (effects (font (size 0.7 0.7) (thickness 0.1)))
    )
    (fp_line (start -2.06 -1.81) (end -2.06 2.91) (layer F.SilkS) (width 0.12))
    (fp_line (start -2.06 2.91) (end 12.06 2.91) (layer F.SilkS) (width 0.12))
    (fp_line (start 12.06 2.91) (end 12.06 -1.81) (layer F.SilkS) (width 0.12))
    (fp_line (start 12.06 -1.81) (end -2.06 -1.81) (layer F.SilkS) (width 0.12))
    (fp_line (start -0.3 -1.81) (end -0.3 -2.01) (layer F.SilkS) (width 0.12))
    (fp_line (start -0.3 -2.01) (end -0.6 -2.01) (layer F.SilkS) (width 0.12))
    (fp_line (start -0.6 -2.01) (end -0.6 -1.81) (layer F.SilkS) (width 0.12))
    (fp_line (start -0.3 -1.91) (end -0.6 -1.91) (layer F.SilkS) (width 0.12))
    (fp_line (start 0.5 -1.81) (end 0.5 -1.2) (layer F.SilkS) (width 0.12))
    (fp_line (start 0.5 -1.2) (end -1.45 -1.2) (layer F.SilkS) (width 0.12))
    (fp_line (start -1.45 -1.2) (end -1.45 2.3) (layer F.SilkS) (width 0.12))
    (fp_line (start -1.45 2.3) (end 11.45 2.3) (layer F.SilkS) (width 0.12))
    (fp_line (start 11.45 2.3) (end 11.45 -1.2) (layer F.SilkS) (width 0.12))
    (fp_line (start 11.45 -1.2) (end 9.5 -1.2) (layer F.SilkS) (width 0.12))
    (fp_line (start 9.5 -1.2) (end 9.5 -1.81) (layer F.SilkS) (width 0.12))
    (fp_line (start -2.06 -0.5) (end -1.45 -0.5) (layer F.SilkS) (width 0.12))
    (fp_line (start -2.06 0.8) (end -1.45 0.8) (layer F.SilkS) (width 0.12))
    (fp_line (start 12.06 -0.5) (end 11.45 -0.5) (layer F.SilkS) (width 0.12))
    (fp_line (start 12.06 0.8) (end 11.45 0.8) (layer F.SilkS) (width 0.12))
    (fp_line (start 0.9 2.3) (end 0.9 1.8) (layer F.SilkS) (width 0.12))
    (fp_line (start 0.9 1.8) (end 1.1 1.8) (layer F.SilkS) (width 0.12))
    (fp_line (start 1.1 1.8) (end 1.1 2.3) (layer F.SilkS) (width 0.12))
    (fp_line (start 1 2.3) (end 1 1.8) (layer F.SilkS) (width 0.12))
    (fp_line (start 2.9 2.3) (end 2.9 1.8) (layer F.SilkS) (width 0.12))
    (fp_line (start 2.9 1.8) (end 3.1 1.8) (layer F.SilkS) (width 0.12))
    (fp_line (start 3.1 1.8) (end 3.1 2.3) (layer F.SilkS) (width 0.12))
    (fp_line (start 3 2.3) (end 3 1.8) (layer F.SilkS) (width 0.12))
    (fp_line (start 4.9 2.3) (end 4.9 1.8) (layer F.SilkS) (width 0.12))
    (fp_line (start 4.9 1.8) (end 5.1 1.8) (layer F.SilkS) (width 0.12))
    (fp_line (start 5.1 1.8) (end 5.1 2.3) (layer F.SilkS) (width 0.12))
    (fp_line (start 5 2.3) (end 5 1.8) (layer F.SilkS) (width 0.12))
    (fp_line (start 6.9 2.3) (end 6.9 1.8) (layer F.SilkS) (width 0.12))
    (fp_line (start 6.9 1.8) (end 7.1 1.8) (layer F.SilkS) (width 0.12))
    (fp_line (start 7.1 1.8) (end 7.1 2.3) (layer F.SilkS) (width 0.12))
    (fp_line (start 7 2.3) (end 7 1.8) (layer F.SilkS) (width 0.12))
    (fp_line (start 8.9 2.3) (end 8.9 1.8) (layer F.SilkS) (width 0.12))
    (fp_line (start 8.9 1.8) (end 9.1 1.8) (layer F.SilkS) (width 0.12))
    (fp_line (start 9.1 1.8) (end 9.1 2.3) (layer F.SilkS) (width 0.12))
    (fp_line (start 9 2.3) (end 9 1.8) (layer F.SilkS) (width 0.12))
    (fp_line (start -1.11 -2.11) (end -2.36 -2.11) (layer F.SilkS) (width 0.12))
    (fp_line (start -2.36 -2.11) (end -2.36 -0.86) (layer F.SilkS) (width 0.12))
    (fp_line (start -1.11 -2.11) (end -2.36 -2.11) (layer F.Fab) (width 0.1))
    (fp_line (start -2.36 -2.11) (end -2.36 -0.86) (layer F.Fab) (width 0.1))
    (fp_line (start -1.95 -1.7) (end -1.95 2.8) (layer F.Fab) (width 0.1))
    (fp_line (start -1.95 2.8) (end 11.95 2.8) (layer F.Fab) (width 0.1))
    (fp_line (start 11.95 2.8) (end 11.95 -1.7) (layer F.Fab) (width 0.1))
    (fp_line (start 11.95 -1.7) (end -1.95 -1.7) (layer F.Fab) (width 0.1))
    (fp_line (start -2.45 -2.2) (end -2.45 3.3) (layer F.CrtYd) (width 0.05))
    (fp_line (start -2.45 3.3) (end 12.45 3.3) (layer F.CrtYd) (width 0.05))
    (fp_line (start 12.45 3.3) (end 12.45 -2.2) (layer F.CrtYd) (width 0.05))
    (fp_line (start 12.45 -2.2) (end -2.45 -2.2) (layer F.CrtYd) (width 0.05))
    (fp_text user %R (at 5 1.5 90) (layer F.Fab)
      (effects (font (size 0.7 0.7) (thickness 0.1)))
    )
    (pad 1 thru_hole roundrect (at 0 0 90) (size 1.2 1.75) (drill 0.75) (layers *.Cu *.Mask) (roundrect_rratio 0.208333)
      (net 22 /RAW_BATT-))
    (pad 2 thru_hole oval (at 2 0 90) (size 1.2 1.75) (drill 0.75) (layers *.Cu *.Mask)
      (net 21 /RAW_C1))
    (pad 3 thru_hole oval (at 4 0 90) (size 1.2 1.75) (drill 0.75) (layers *.Cu *.Mask)
      (net 20 /RAW_C2))
    (pad 4 thru_hole oval (at 6 0 90) (size 1.2 1.75) (drill 0.75) (layers *.Cu *.Mask)
      (net 19 /RAW_C3))
    (pad 5 thru_hole oval (at 8 0 90) (size 1.2 1.75) (drill 0.75) (layers *.Cu *.Mask)
      (net 18 /RAW_C4))
    (pad 6 thru_hole oval (at 10 0 90) (size 1.2 1.75) (drill 0.75) (layers *.Cu *.Mask)
      (net 23 /RAW_C5))
    (model ${KISYS3DMOD}/Connector_JST.3dshapes/JST_PH_B6B-PH-K_1x06_P2.00mm_Vertical.wrl
      (at (xyz 0 0 0))
      (scale (xyz 1 1 1))
      (rotate (xyz 0 0 0))
    )
  )

  (module Connector_JST:JST_PH_B2B-PH-K_1x02_P2.00mm_Vertical (layer F.Cu) (tedit 5B7745C2) (tstamp 5D504ACD)
    (at 32.85 50.25 90)
    (descr "JST PH series connector, B2B-PH-K (http://www.jst-mfg.com/product/pdf/eng/ePH.pdf), generated with kicad-footprint-generator")
    (tags "connector JST PH side entry")
    (path /5D5D7FEC)
    (fp_text reference J4 (at 5 -1.24 180) (layer F.SilkS)
      (effects (font (size 0.7 0.7) (thickness 0.1)))
    )
    (fp_text value boot_switch (at 1 4 90) (layer F.Fab)
      (effects (font (size 0.7 0.7) (thickness 0.1)))
    )
    (fp_text user %R (at 1 1.5 90) (layer F.Fab)
      (effects (font (size 0.7 0.7) (thickness 0.1)))
    )
    (fp_line (start 4.45 -2.2) (end -2.45 -2.2) (layer F.CrtYd) (width 0.05))
    (fp_line (start 4.45 3.3) (end 4.45 -2.2) (layer F.CrtYd) (width 0.05))
    (fp_line (start -2.45 3.3) (end 4.45 3.3) (layer F.CrtYd) (width 0.05))
    (fp_line (start -2.45 -2.2) (end -2.45 3.3) (layer F.CrtYd) (width 0.05))
    (fp_line (start 3.95 -1.7) (end -1.95 -1.7) (layer F.Fab) (width 0.1))
    (fp_line (start 3.95 2.8) (end 3.95 -1.7) (layer F.Fab) (width 0.1))
    (fp_line (start -1.95 2.8) (end 3.95 2.8) (layer F.Fab) (width 0.1))
    (fp_line (start -1.95 -1.7) (end -1.95 2.8) (layer F.Fab) (width 0.1))
    (fp_line (start -2.36 -2.11) (end -2.36 -0.86) (layer F.Fab) (width 0.1))
    (fp_line (start -1.11 -2.11) (end -2.36 -2.11) (layer F.Fab) (width 0.1))
    (fp_line (start -2.36 -2.11) (end -2.36 -0.86) (layer F.SilkS) (width 0.12))
    (fp_line (start -1.11 -2.11) (end -2.36 -2.11) (layer F.SilkS) (width 0.12))
    (fp_line (start 1 2.3) (end 1 1.8) (layer F.SilkS) (width 0.12))
    (fp_line (start 1.1 1.8) (end 1.1 2.3) (layer F.SilkS) (width 0.12))
    (fp_line (start 0.9 1.8) (end 1.1 1.8) (layer F.SilkS) (width 0.12))
    (fp_line (start 0.9 2.3) (end 0.9 1.8) (layer F.SilkS) (width 0.12))
    (fp_line (start 4.06 0.8) (end 3.45 0.8) (layer F.SilkS) (width 0.12))
    (fp_line (start 4.06 -0.5) (end 3.45 -0.5) (layer F.SilkS) (width 0.12))
    (fp_line (start -2.06 0.8) (end -1.45 0.8) (layer F.SilkS) (width 0.12))
    (fp_line (start -2.06 -0.5) (end -1.45 -0.5) (layer F.SilkS) (width 0.12))
    (fp_line (start 1.5 -1.2) (end 1.5 -1.81) (layer F.SilkS) (width 0.12))
    (fp_line (start 3.45 -1.2) (end 1.5 -1.2) (layer F.SilkS) (width 0.12))
    (fp_line (start 3.45 2.3) (end 3.45 -1.2) (layer F.SilkS) (width 0.12))
    (fp_line (start -1.45 2.3) (end 3.45 2.3) (layer F.SilkS) (width 0.12))
    (fp_line (start -1.45 -1.2) (end -1.45 2.3) (layer F.SilkS) (width 0.12))
    (fp_line (start 0.5 -1.2) (end -1.45 -1.2) (layer F.SilkS) (width 0.12))
    (fp_line (start 0.5 -1.81) (end 0.5 -1.2) (layer F.SilkS) (width 0.12))
    (fp_line (start -0.3 -1.91) (end -0.6 -1.91) (layer F.SilkS) (width 0.12))
    (fp_line (start -0.6 -2.01) (end -0.6 -1.81) (layer F.SilkS) (width 0.12))
    (fp_line (start -0.3 -2.01) (end -0.6 -2.01) (layer F.SilkS) (width 0.12))
    (fp_line (start -0.3 -1.81) (end -0.3 -2.01) (layer F.SilkS) (width 0.12))
    (fp_line (start 4.06 -1.81) (end -2.06 -1.81) (layer F.SilkS) (width 0.12))
    (fp_line (start 4.06 2.91) (end 4.06 -1.81) (layer F.SilkS) (width 0.12))
    (fp_line (start -2.06 2.91) (end 4.06 2.91) (layer F.SilkS) (width 0.12))
    (fp_line (start -2.06 -1.81) (end -2.06 2.91) (layer F.SilkS) (width 0.12))
    (pad 2 thru_hole oval (at 2 0 90) (size 1.2 1.75) (drill 0.75) (layers *.Cu *.Mask)
      (net 21 /RAW_C1))
    (pad 1 thru_hole roundrect (at 0 0 90) (size 1.2 1.75) (drill 0.75) (layers *.Cu *.Mask) (roundrect_rratio 0.208333)
      (net 31 "Net-(J4-Pad1)"))
    (model ${KISYS3DMOD}/Connector_JST.3dshapes/JST_PH_B2B-PH-K_1x02_P2.00mm_Vertical.wrl
      (at (xyz 0 0 0))
      (scale (xyz 1 1 1))
      (rotate (xyz 0 0 0))
    )
  )

  (module Package_TO_SOT_SMD:LFPAK56 (layer F.Cu) (tedit 5AE897F6) (tstamp 5E15160E)
    (at 52.25 55.3)
    (descr "LFPAK56 https://assets.nexperia.com/documents/outline-drawing/SOT669.pdf")
    (tags "LFPAK56 SOT-669 Power-SO8")
    (path /5D32E153/5D528049)
    (solder_mask_margin 0.07)
    (solder_paste_margin -0.05)
    (attr smd)
    (fp_text reference Q1 (at -0.015 3.4) (layer F.SilkS)
      (effects (font (size 0.7 0.7) (thickness 0.1)))
    )
    (fp_text value PSMN2R6-40YS (at -0.245 3.52) (layer F.Fab)
      (effects (font (size 0.7 0.7) (thickness 0.1)))
    )
    (fp_line (start -3.67 2.75) (end -3.67 -2.75) (layer F.CrtYd) (width 0.05))
    (fp_line (start -3.67 2.75) (end 3.67 2.75) (layer F.CrtYd) (width 0.05))
    (fp_line (start 3.67 -2.75) (end -3.67 -2.75) (layer F.CrtYd) (width 0.05))
    (fp_line (start 3.67 -2.75) (end 3.67 2.75) (layer F.CrtYd) (width 0.05))
    (fp_line (start 1.885 2.5) (end 1.885 -2.5) (layer F.Fab) (width 0.1))
    (fp_line (start -2.215 2.5) (end 1.885 2.5) (layer F.Fab) (width 0.1))
    (fp_line (start -2.215 -2.5) (end -2.215 2.5) (layer F.Fab) (width 0.1))
    (fp_line (start 1.885 -2.5) (end -2.215 -2.5) (layer F.Fab) (width 0.1))
    (fp_line (start 3.185 -2.2) (end 1.885 -2.2) (layer F.Fab) (width 0.1))
    (fp_line (start 3.185 2.2) (end 1.885 2.2) (layer F.Fab) (width 0.1))
    (fp_line (start 3.185 -2.2) (end 3.185 2.2) (layer F.Fab) (width 0.1))
    (fp_line (start -3.215 -1.65) (end -2.215 -1.65) (layer F.Fab) (width 0.1))
    (fp_line (start -3.215 -2.15) (end -2.215 -2.15) (layer F.Fab) (width 0.1))
    (fp_line (start -3.215 -2.15) (end -3.215 -1.65) (layer F.Fab) (width 0.1))
    (fp_line (start -3.215 -0.4) (end -2.215 -0.4) (layer F.Fab) (width 0.1))
    (fp_line (start -3.215 -0.85) (end -3.215 -0.4) (layer F.Fab) (width 0.1))
    (fp_line (start -2.215 -0.85) (end -3.215 -0.85) (layer F.Fab) (width 0.1))
    (fp_line (start -3.215 0.85) (end -2.215 0.85) (layer F.Fab) (width 0.1))
    (fp_line (start -3.215 0.4) (end -3.215 0.85) (layer F.Fab) (width 0.1))
    (fp_line (start -2.215 0.4) (end -3.215 0.4) (layer F.Fab) (width 0.1))
    (fp_line (start -3.215 2.15) (end -2.215 2.15) (layer F.Fab) (width 0.1))
    (fp_line (start -3.215 1.7) (end -3.215 2.15) (layer F.Fab) (width 0.1))
    (fp_line (start -2.215 1.7) (end -3.215 1.7) (layer F.Fab) (width 0.1))
    (fp_line (start -2.315 -2.6) (end -2.315 -2.4) (layer F.SilkS) (width 0.12))
    (fp_line (start 1.985 -2.6) (end -2.315 -2.6) (layer F.SilkS) (width 0.12))
    (fp_line (start 1.985 -2.45) (end 1.985 -2.6) (layer F.SilkS) (width 0.12))
    (fp_line (start 1.985 2.6) (end 1.985 2.45) (layer F.SilkS) (width 0.12))
    (fp_line (start -2.315 2.6) (end 1.985 2.6) (layer F.SilkS) (width 0.12))
    (fp_line (start -2.315 2.4) (end -2.315 2.6) (layer F.SilkS) (width 0.12))
    (fp_text user %R (at 0 0 90) (layer F.Fab)
      (effects (font (size 0.7 0.7) (thickness 0.1)))
    )
    (pad "" smd rect (at 0.185 0) (size 0.6 0.9) (layers F.Paste))
    (pad "" smd rect (at 2.885 0.6 270) (size 0.6 0.9) (layers F.Paste))
    (pad 4 smd rect (at -2.835 1.91 270) (size 0.7 1.15) (layers F.Cu F.Paste F.Mask)
      (net 24 "Net-(Q1-Pad4)") (solder_mask_margin 0.07) (solder_paste_margin -0.05))
    (pad 5 smd rect (at 0.435 0 270) (size 4.2 3.3) (layers F.Cu F.Mask)
      (net 25 "Net-(Q1-Pad5)") (solder_mask_margin 0.07))
    (pad 5 smd rect (at 2.635 0 270) (size 4.7 1.55) (layers F.Cu F.Mask)
      (net 25 "Net-(Q1-Pad5)") (solder_mask_margin 0.07))
    (pad 3 smd rect (at -2.835 0.64 270) (size 0.7 1.15) (layers F.Cu F.Paste F.Mask)
      (net 26 "Net-(Q1-Pad1)") (solder_mask_margin 0.07) (solder_paste_margin -0.05))
    (pad 1 smd rect (at -2.835 -1.91 270) (size 0.7 1.15) (layers F.Cu F.Paste F.Mask)
      (net 26 "Net-(Q1-Pad1)") (solder_mask_margin 0.07) (solder_paste_margin -0.05))
    (pad 2 smd rect (at -2.835 -0.64 270) (size 0.7 1.15) (layers F.Cu F.Paste F.Mask)
      (net 26 "Net-(Q1-Pad1)") (solder_mask_margin 0.07) (solder_paste_margin -0.05))
    (pad "" smd rect (at 2.885 -0.6 270) (size 0.6 0.9) (layers F.Paste))
    (pad "" smd rect (at 2.885 1.88 270) (size 0.6 0.9) (layers F.Paste))
    (pad "" smd rect (at 2.885 -1.88 270) (size 0.6 0.9) (layers F.Paste))
    (pad "" smd rect (at -0.665 0) (size 0.6 0.9) (layers F.Paste))
    (pad "" smd rect (at 1.035 0) (size 0.6 0.9) (layers F.Paste))
    (pad "" smd rect (at 1.035 1.15) (size 0.6 0.9) (layers F.Paste))
    (pad "" smd rect (at -0.665 1.15) (size 0.6 0.9) (layers F.Paste))
    (pad "" smd rect (at 0.185 1.15) (size 0.6 0.9) (layers F.Paste))
    (pad "" smd rect (at 1.035 -1.15) (size 0.6 0.9) (layers F.Paste))
    (pad "" smd rect (at -0.665 -1.15) (size 0.6 0.9) (layers F.Paste))
    (pad "" smd rect (at 0.185 -1.15) (size 0.6 0.9) (layers F.Paste))
    (model ${KISYS3DMOD}/Package_TO_SOT_SMD.3dshapes/LFPAK56.wrl
      (at (xyz 0 0 0))
      (scale (xyz 1 1 1))
      (rotate (xyz 0 0 0))
    )
  )

  (module Package_TO_SOT_SMD:SOT-23 (layer F.Cu) (tedit 5A02FF57) (tstamp 619F4B93)
    (at 60.72 45.4 270)
    (descr "SOT-23, Standard")
    (tags SOT-23)
    (path /5D32E153/5D5759F6)
    (attr smd)
